18 0.67259375 0.6484062500000001 0.676359375 0.6578593749999999 0.67684375 0.6658906250000001 0.680625 0.66871875 0.689125 0.66540625 0.689125 0.66115625 0.689125 0.659265625 0.706125 0.661640625 0.70471875 0.6644687499999999 0.70990625 0.6725 0.7136875 0.6720312500000001 0.716515625 0.6649375 0.719828125 0.6606875 0.7363593749999999 0.6602187500000001 0.75809375 0.6658906250000001 0.7618750000000001 0.6644687499999999 0.76234375 0.645578125 0.753375 0.6422656250000001 0.74109375 0.6290312499999999 0.742984375 0.627140625 0.7146250000000001 0.621 0.684875 0.622421875 0.678734375 0.63565625 0.67259375 0.6484062500000001
18 0.251578125 0.6662343749999999 0.272234375 0.670296875 0.287734375 0.6765625 0.29474999999999996 0.677296875 0.29879687499999996 0.676203125 0.29879687499999996 0.646671875 0.32020312500000003 0.6444687499999999 0.3213125 0.6769375 0.3290625 0.6846875 0.34750000000000003 0.681734375 0.35525 0.6739843750000001 0.366328125 0.6739843750000001 0.3895625 0.679515625 0.39215625 0.671765625 0.39990625 0.6662343749999999 0.40210937500000005 0.657015625 0.400265625 0.642625 0.396578125 0.6389218750000001 0.372234375 0.6359843749999999 0.366328125 0.6285937500000001 0.340859375 0.614578125 0.3299765625 0.6129140625 0.321671875 0.620109375 0.31909375 0.61125 0.3045234375 0.6131015625 0.299546875 0.6094062499999999 0.295109375 0.61015625 0.295109375 0.614953125 0.28625781250000004 0.610703125 0.27740624999999997 0.61125 0.256 0.6175312500000001 0.251203125 0.623796875 0.23459375 0.627484375 0.224265625 0.63228125 0.21578124999999998 0.642625 0.217625 0.6540625 0.22168749999999998 0.664015625 0.251578125 0.6662343749999999
18 0.788453125 0.678796875 0.8062343750000001 0.67434375 0.80178125 0.662921875 0.8157500000000001 0.659734375 0.81703125 0.683234375 0.890046875 0.67815625 0.881796875 0.66990625 0.889421875 0.655921875 0.8506875 0.6248125 0.77575 0.62228125 0.7636875 0.633703125 0.764953125 0.64640625 0.7617812500000001 0.661640625 0.7636875 0.67815625 0.788453125 0.678796875
18 0.586734375 0.674984375 0.650859375 0.669265625 0.65340625 0.659109375 0.6318125 0.628625 0.5765625 0.6248125 0.561328125 0.6406875000000001 0.5568906250000001 0.6400625 0.55625 0.675609375 0.586734375 0.674984375
44 0.52209375 0.6741718750000001 0.5254375 0.671671875 0.5279375 0.66875 0.5241718750000001 0.65453125 0.5300312500000001 0.64115625 0.5300312500000001 0.636140625 0.526265625 0.634046875 0.516234375 0.6332187499999999 0.50453125 0.632375 0.494078125 0.6231875 0.482796875 0.6244375 0.477359375 0.6307031249999999 0.487390625 0.6378125 0.49784375000000003 0.636984375 0.4890625 0.639484375 0.48990625000000004 0.644078125 0.494078125 0.6486875000000001 0.47903124999999996 0.654109375 0.481953125 0.66915625 0.48571875000000003 0.67334375 0.48446875 0.675015625 0.48990625000000004 0.684625 0.49784375000000003 0.682125 0.50203125 0.67459375 0.50578125 0.6817031250000001 0.512890625 0.6775156250000001 0.516234375 0.67 0.51665625 0.659125 0.5145625 0.6520312500000001 0.51665625 0.65453125 0.520421875 0.672921875 0.52209375 0.6741718750000001
49 0.94196875 0.660640625 0.944921875 0.662125 0.947390625 0.674453125 0.944921875 0.7154375 0.952328125 0.71740625 0.952328125 0.71296875 0.957265625 0.677921875 0.96171875 0.6670625 0.96565625 0.670515625 0.9923125 0.721359375 1 0.718390625 0.9997187500000001 0.7030937500000001 0.984421875 0.680390625 0.9789843749999999 0.661625 0.98046875 0.65175 0.9824531249999999 0.6325000000000001 0.974546875 0.623609375 0.9671406250000001 0.61571875 0.9641875000000001 0.606328125 0.95628125 0.60584375 0.952328125 0.611765625 0.9518437499999999 0.6176875 0.9493750000000001 0.62509375 0.9350625000000001 0.648296875 0.933578125 0.668046875 0.9360468750000001 0.6670625 0.938515625 0.6665625000000001 0.94196875 0.660640625
49 0.296 0.68203125 0.30848437500000003 0.680890625 0.31415625 0.680890625 0.32209374999999996 0.68203125 0.320953125 0.679765625 0.3186875 0.678625 0.32209374999999996 0.6502656250000001 0.3186875 0.637796875 0.3186875 0.633265625 0.319828125 0.6309843749999999 0.327765625 0.6309843749999999 0.327765625 0.6275937500000001 0.320953125 0.625328125 0.313015625 0.60490625 0.31528125 0.602640625 0.31074999999999997 0.598109375 0.30621875 0.599234375 0.30281250000000004 0.6071718749999999 0.297140625 0.6151093750000001 0.297140625 0.62871875 0.297140625 0.6389375 0.297140625 0.6400625 0.294875 0.67409375 0.296 0.68203125
49 0.5176875 0.636640625 0.5173281249999999 0.6387343750000001 0.5176875 0.639609375 0.522390625 0.6406562499999999 0.523953125 0.643265625 0.526390625 0.642046875 0.52534375 0.635953125 0.5256875 0.6324687499999999 0.527265625 0.628453125 0.5265625 0.626375 0.524828125 0.624625 0.5255156249999999 0.621140625 0.52534375 0.61975 0.523609375 0.619578125 0.5215156249999999 0.61940625 0.520296875 0.62009375 0.5195937500000001 0.620625 0.519421875 0.6239375 0.519421875 0.625328125 0.518546875 0.626015625 0.5173281249999999 0.6310781249999999 0.515765625 0.63334375 0.51525 0.6347343750000001 0.5176875 0.636640625
74 0.400390625 0.635625 0.40528125 0.6450625 0.40821874999999996 0.643109375 0.41017187499999996 0.63334375 0.415046875 0.636921875 0.41537499999999994 0.643109375 0.424828125 0.65125 0.4245 0.66590625 0.42678125 0.66884375 0.438171875 0.661359375 0.48051562499999995 0.6607031250000001 0.48801562499999995 0.6525624999999999 0.4925625 0.65190625 0.49192187499999995 0.6434375 0.49126562500000004 0.638234375 0.4801875 0.6278125 0.48898437499999997 0.621296875 0.497453125 0.629765625 0.497453125 0.631390625 0.51015625 0.6307343750000001 0.5140625 0.632046875 0.512109375 0.603703125 0.41831250000000003 0.60565625 0.41212499999999996 0.62421875 0.400390625 0.635625
72 0.395953125 0.47707812499999996 0.383671875 0.474703125 0.372796875 0.474703125 0.372328125 0.529984375 0.372328125 0.5314062500000001 0.393109375 0.532359375 0.395953125 0.47707812499999996
72 0.136578125 0.4659375 0.13764062500000002 0.464875 0.1520625 0.463265625 0.153125 0.45151562500000003 0.137109375 0.44992187499999997 0.13978125 0.44564062499999996 0.15153125 0.44778124999999996 0.15365625 0.432296875 0.13978125 0.429625 0.13870312499999998 0.42589062499999997 0.13390625 0.41946874999999995 0.129625 0.42748437499999997 0.12268749999999999 0.48409375 0.14190624999999998 0.48784375 0.14565625 0.48464062500000005 0.15045312500000002 0.47074999999999995 0.136578125 0.4659375
49 0.41479687500000006 0.64325 0.41609375000000004 0.642109375 0.416234375 0.6398125 0.415796875 0.63809375 0.41423437500000004 0.6350781249999999 0.41265625000000006 0.6349375 0.41150000000000003 0.6350781249999999 0.41035937499999997 0.63565625 0.40778125000000004 0.636515625 0.40778125000000004 0.637375 0.407921875 0.64153125 0.40304687499999997 0.6456875 0.40018750000000003 0.647984375 0.39946875 0.652421875 0.399890625 0.653859375 0.40075000000000005 0.656296875 0.400609375 0.6584375 0.39903125 0.6603125000000001 0.398171875 0.6624531250000001 0.399609375 0.6667500000000001 0.40075000000000005 0.6671875 0.412796875 0.66746875 0.41465625 0.66934375 0.41695312500000004 0.6716249999999999 0.422828125 0.6740625 0.423109375 0.6735 0.423828125 0.67090625 0.423828125 0.66746875 0.423828125 0.6646093750000001 0.42340625000000004 0.66203125 0.42053124999999997 0.658875 0.42153124999999997 0.658015625 0.42340625000000004 0.656296875 0.423828125 0.65428125 0.4149375 0.64540625 0.41479687500000006 0.645546875 0.41479687500000006 0.644390625 0.41479687500000006 0.64325
49 0.26101562500000003 0.615796875 0.266390625 0.61446875 0.2658125 0.61025 0.265625 0.6050625000000001 0.2625625 0.601609375 0.263328125 0.59815625 0.2629375 0.5914531249999999 0.26159374999999996 0.590296875 0.25853125 0.5897187500000001 0.2545 0.5897187500000001 0.253359375 0.59375 0.25278125 0.598734375 0.244140625 0.6021875 0.24260937500000002 0.604875 0.250671875 0.6131249999999999 0.257 0.619828125 0.26101562500000003 0.615796875
49 0.32156250000000003 0.5998125 0.32096874999999997 0.606390625 0.32351562500000003 0.60996875 0.322609375 0.613109375 0.33576562499999996 0.61415625 0.334421875 0.60846875 0.32934375 0.6044375 0.32814062499999996 0.6005625 0.32575 0.597265625 0.3230625 0.597125 0.32156250000000003 0.5998125
49 0.4025 0.6386875 0.4023125 0.634265625 0.40268750000000003 0.632921875 0.407109375 0.6312031250000001 0.40845312500000003 0.6275625 0.40614062500000003 0.62353125 0.40345312499999997 0.62890625 0.400015625 0.631390625 0.397328125 0.6363749999999999 0.39828125000000003 0.639453125 0.398859375 0.6473125 0.404421875 0.6448125 0.40403124999999995 0.64309375 0.4025 0.6386875
18 0.658875 0.665328125 0.66740625 0.6663593750000001 0.671484375 0.6605624999999999 0.67490625 0.6585156249999999 0.67490625 0.654765625 0.67490625 0.643515625 0.680703125 0.6247499999999999 0.64284375 0.62509375 0.638078125 0.6346406250000001 0.649671875 0.655109375 0.655125 0.6561250000000001 0.658875 0.665328125
18 0.54896875 0.651328125 0.5565781249999999 0.652140625 0.556734375 0.640171875 0.56175 0.639859375 0.571609375 0.6307968749999999 0.5543125 0.63046875 0.549625 0.6332187499999999 0.54346875 0.6406562499999999 0.544125 0.64228125 0.546390625 0.641953125 0.54896875 0.651328125
18 0.528171875 0.632421875 0.526953125 0.6349843749999999 0.525984375 0.637046875 0.5256093749999999 0.63925 0.52525 0.6410625 0.524640625 0.643015625 0.524765625 0.64496875 0.524765625 0.646671875 0.525375 0.647765625 0.52634375 0.648859375 0.527078125 0.64921875 0.527921875 0.648484375 0.52878125 0.648 0.529875 0.6481250000000001 0.530234375 0.64946875 0.530234375 0.651046875 0.531453125 0.65178125 0.5335 0.65178125 0.535875 0.6503281249999999 0.5367968750000001 0.6478125 0.539984375 0.647421875 0.5407656249999999 0.647953125 0.541703125 0.6500625 0.542890625 0.6504531250000001 0.5432812499999999 0.64834375 0.5426249999999999 0.643453125 0.5438125 0.640140625 0.545390625 0.6380312499999999 0.547375 0.63578125 0.549359375 0.633265625 0.5484375 0.6320781249999999 0.541828125 0.63009375 0.5301875 0.629828125 0.529875 0.630234375 0.52890625 0.63109375 0.528171875 0.632421875
49 0.8926718749999999 0.6739375 0.8888906249999999 0.681875 0.890015625 0.6928124999999999 0.9036093749999999 0.68640625 0.905125 0.6728125 0.9087109375000001 0.6652578124999999 0.9202187500000001 0.682625 0.9270156249999999 0.69696875 0.9372031249999999 0.69809375 0.94059375 0.6931875 0.9368281250000001 0.6897968750000001 0.928515625 0.6724375 0.9330468749999999 0.656203125 0.9273906249999999 0.661484375 0.9230875 0.654690625 0.9300312500000001 0.641859375 0.9187843750000001 0.647896875 0.91448125 0.641103125 0.9202187500000001 0.631296875 0.9101781250000001 0.6343093750000001 0.905875 0.627140625 0.90134375 0.6248750000000001 0.894171875 0.62940625 0.8934218749999999 0.63771875 0.8881406249999999 0.64753125 0.8869999999999999 0.66225 0.90069140625 0.66959765625 0.8956875 0.676203125 0.8926718749999999 0.6739375