49 0.697078125 0.376125 0.6047343749999999 0.335578125 0.5551875 0.326578125 0.510140625 0.3198125 0.501125 0.3198125 0.47409375000000004 0.3198125 0.46057812499999995 0.30856249999999996 0.397515625 0.28603125 0.266890625 0.231984375 0.170046875 0.21396874999999999 0.138515625 0.21171875 0.1295 0.391890625 0.199328125 0.38289062500000004 0.253375 0.378375 0.3141875 0.389640625 0.34796875 0.389640625 0.42229687499999996 0.41442187500000005 0.4380625 0.450453125 0.49887499999999996 0.5135156249999999 0.5326562499999999 0.509015625 0.5349062499999999 0.509015625 0.552921875 0.49775 0.543921875 0.47071874999999996 0.521390625 0.46171875 0.510140625 0.454953125 0.514640625 0.4369375 0.52815625 0.41215624999999995 0.550671875 0.41442187500000005 0.5686875 0.4346875 0.5664374999999999 0.459453125 0.5686875 0.47521874999999997 0.58896875 0.49098437500000003 0.5641875 0.511265625 0.546171875 0.518015625 0.539421875 0.53378125 0.582203125 0.5630625 0.609234375 0.605859375 0.636265625 0.666671875 0.640765625 0.759015625 0.625 0.9234218750000001 0.634015625 0.990984375 0.8637343749999999 0.99325 0.856984375 0.8536093749999999 0.8254531249999999 0.7950468749999999 0.8074375 0.7545 0.793921875 0.698203125 0.791671875 0.5923437500000001 0.77590625 0.5630625 0.755625 0.551796875 0.72184375 0.49775 0.71284375 0.47071874999999996 0.703828125 0.46846875 0.6858125 0.45270312500000004 0.672296875 0.44368749999999996 0.6520312500000001 0.4414375 0.636265625 0.423421875 0.6295 0.387390625 0.6205 0.369375 0.64978125 0.371625 0.6858125 0.39865625 0.710578125 0.396390625 0.697078125 0.376125
3 0.258953125 0.696375 0.26696875000000003 0.71403125 0.289421875 0.717234375 0.31028125 0.7108125000000001 0.342359375 0.69959375 0.377640625 0.68515625 0.4033125 0.678734375 0.369625 0.7445 0.377640625 0.776578125 0.40812499999999996 0.771765625 0.475484375 0.733265625 0.5171875 0.64665625 0.515578125 0.7926249999999999 0.538046875 0.8519687499999999 0.5653125 0.8760312499999999 0.5877656250000001 0.8535625 0.597390625 0.819890625 0.598984375 0.731671875 0.618234375 0.600140625 0.5460625 0.5552343750000001 0.531625 0.5295625 0.5268125 0.49107812500000003 0.509171875 0.50871875 0.48190625000000004 0.48946875 0.46425 0.473421875 0.454640625 0.454171875 0.42896875 0.4205 0.37925 0.398046875 0.34075 0.41728125 0.31028125 0.44134375 0.294234375 0.458984375 0.30225 0.478234375 0.30867187500000004 0.486265625 0.342359375 0.49107812500000003 0.3070625 0.52796875 0.26696875000000003 0.614578125 0.27659375 0.649859375 0.26696875000000003 0.673921875 0.258953125 0.696375
3 0.7491875 0.5544687500000001 0.7834531250000001 0.568171875 0.7903125 0.59146875 0.823203125 0.614765625 0.8739062499999999 0.632578125 0.875 0.550359375 0.8245625000000001 0.5270625 0.768375 0.49690625 0.72178125 0.485953125 0.72453125 0.491421875 0.736859375 0.5065000000000001 0.7491875 0.5544687500000001
3 0.525 0.305765625 0.52275 0.305765625 0.52725 0.31925 0.54521875 0.31475 0.5789375 0.287796875 0.617140625 0.236109375 0.617140625 0.211390625 0.621625 0.19790625 0.657578125 0.17093750000000002 0.657578125 0.11251562500000001 0.6126406249999999 0.0675625 0.5789375 0.134984375 0.5721875 0.157453125 0.556453125 0.206890625 0.54971875 0.2698125 0.525 0.305765625
3 0.282296875 0.238203125 0.286796875 0.240453125 0.318265625 0.206734375 0.342984375 0.19775 0.29803125 0.188765625 0.25534375 0.161796875 0.228375 0.13034375 0.212640625 0.105625 0.20365625 0.103375 0.1721875 0.11909375 0.15196875 0.1438125 0.138484375 0.18426562500000002 0.1295 0.208984375 0.138484375 0.206734375 0.20814062500000002 0.213484375 0.25534375 0.23595312499999999 0.27556250000000004 0.240453125 0.282296875 0.238203125
3 0.18346875 0.545625 0.187203125 0.5175625 0.20685937499999998 0.487609375 0.20406249999999998 0.46234374999999994 0.20592187499999998 0.41742187499999994 0.20031249999999998 0.37625000000000003 0.15914062499999998 0.381859375 0.125 0.381859375 0.125 0.624234375 0.173171875 0.579328125 0.18346875 0.545625
3 0.8430624999999999 0.637671875 0.832671875 0.62284375 0.795609375 0.605046875 0.8030312500000001 0.613953125 0.785234375 0.597640625 0.7970937499999999 0.67621875 0.795609375 0.714765625 0.8000624999999999 0.7429375 0.8282343750000001 0.765171875 0.875 0.7740625 0.875 0.671765625 0.8578749999999999 0.6539843750000001 0.8430624999999999 0.637671875
3 0.3758125 0.7445625 0.3663125 0.76221875 0.38940625 0.779875 0.409765625 0.7730937499999999 0.461375 0.745921875 0.515703125 0.6657968750000001 0.523859375 0.597890625 0.536078125 0.547640625 0.54559375 0.539484375 0.53471875 0.527265625 0.5374375 0.513671875 0.54015625 0.498734375 0.532 0.49601562499999996 0.5225 0.494671875 0.515703125 0.498734375 0.500765625 0.5231874999999999 0.473609375 0.539484375 0.385328125 0.7011093749999999 0.3758125 0.7445625
3 0.65753125 0.17181249999999998 0.633078125 0.194125 0.617140625 0.23132812500000002 0.617140625 0.277046875 0.628828125 0.29298437499999996 0.66178125 0.26321875 0.690484375 0.21751562500000002 0.703234375 0.1951875 0.72025 0.163296875 0.66603125 0.11759375000000001 0.66709375 0.12928125 0.65753125 0.17181249999999998
46 0.346515625 0.8362187499999999 0.33396875000000004 0.8688593750000001 0.33521875 0.911546875 0.3565625 0.93540625 0.39171875 0.9479531250000001 0.429375 0.9517187500000001 0.462015625 0.92284375 0.48335937500000004 0.896484375 0.48335937500000004 0.8575625 0.478328125 0.83496875 0.45949999999999996 0.824921875 0.46703124999999995 0.8098593749999999 0.469546875 0.7947968750000001 0.470796875 0.76090625 0.455734375 0.74709375 0.43062500000000004 0.76340625 0.403015625 0.773453125 0.36910937499999996 0.78225 0.366609375 0.78225 0.354046875 0.7696875000000001 0.352796875 0.7521093750000001 0.3565625 0.74834375 0.366609375 0.7521093750000001 0.374140625 0.715703125 0.332703125 0.737046875 0.323921875 0.772203125 0.331453125 0.814890625 0.346515625 0.8362187499999999
46 0.548921875 0.960140625 0.56259375 0.969640625 0.5798125 0.976171875 0.59703125 0.9827031249999999 0.62790625 0.985078125 0.62671875 0.963703125 0.6344375 0.9375781249999999 0.6368125 0.927484375 0.635625 0.914421875 0.612828125 0.9003125000000001 0.600265625 0.88009375 0.59534375 0.86425 0.592609375 0.855515625 0.58440625 0.85878125 0.58059375 0.868078125 0.581140625 0.88009375 0.5723906249999999 0.8877499999999999 0.5641875 0.890484375 0.545609375 0.890484375 0.5385156249999999 0.8893906250000001 0.5385156249999999 0.8806406250000001 0.54615625 0.868078125 0.544171875 0.8651249999999999 0.528734375 0.888296875 0.5305156249999999 0.9072968749999999 0.5406093750000001 0.941734375 0.548921875 0.960140625
46 0.821625 0.3460625 0.787921875 0.32584375 0.760953125 0.32359375 0.74746875 0.341578125 0.736234375 0.382015625 0.711515625 0.393265625 0.70478125 0.43370312499999997 0.72275 0.4449375 0.79915625 0.442703125 0.826125 0.42021875 0.828375 0.37753125 0.821625 0.3460625
46 0.785671875 0.267046875 0.787921875 0.260296875 0.785671875 0.2558125 0.756453125 0.22434375 0.7205 0.20860937499999999 0.6890468750000001 0.22209374999999998 0.6800625 0.242328125 0.659828125 0.28053125 0.659828125 0.32996875000000003 0.6710625 0.33220312500000004 0.70478125 0.34568750000000004 0.718265625 0.31871875 0.75196875 0.28053125 0.785671875 0.267046875
46 0.690203125 0.377171875 0.698203125 0.384265625 0.7021875 0.38915625 0.698203125 0.390921875 0.698203125 0.39359375 0.6897656249999999 0.39846875000000004 0.678671875 0.394921875 0.6702343749999999 0.38915625 0.665359375 0.381609375 0.6578125 0.37671875 0.6547031249999999 0.37584375 0.63828125 0.37184375 0.633390625 0.36917187500000004 0.622296875 0.36740625 0.6058749999999999 0.364734375 0.613859375 0.37584375 0.626296875 0.3958125 0.62984375 0.40335937499999996 0.63028125 0.41178125000000004 0.6271875 0.418 0.62984375 0.423765625 0.62984375 0.429984375 0.628953125 0.43709375 0.63384375 0.43753125 0.641828125 0.44153125 0.64759375 0.442859375 0.65425 0.442859375 0.664015625 0.43975 0.671125 0.43931250000000005 0.678671875 0.44153125 0.6839999999999999 0.447296875 0.69065625 0.44551562499999997 0.698203125 0.44240625 0.7061875 0.43753125 0.71240625 0.42954687500000005 0.71240625 0.42865624999999996 0.7106250000000001 0.42154687500000004 0.709734375 0.414453125 0.7101875 0.408234375 0.71328125 0.403796875 0.718171875 0.39625 0.7243906250000001 0.390921875 0.722171875 0.384265625 0.715953125 0.3740625 0.7092968749999999 0.366953125 0.70175 0.36075 0.692421875 0.355859375 0.6813281250000001 0.35453125 0.672453125 0.355421875 0.66890625 0.359859375 0.672890625 0.36296875 0.68265625 0.3700625 0.690203125 0.377171875
46 0.489953125 0.70021875 0.51396875 0.73334375 0.513140625 0.653015625 0.49740624999999994 0.697734375 0.489953125 0.70021875
46 0.7633125 0.322953125 0.7879375 0.32551562500000003 0.8222968749999999 0.345515625 0.8274374999999999 0.366046875 0.8330781249999999 0.357828125 0.8397500000000001 0.33884375 0.8376875 0.31320312499999997 0.8300000000000001 0.29959375 0.82025 0.289328125 0.8110156249999999 0.2836875 0.799734375 0.279078125 0.7905 0.27753125 0.779203125 0.27753125 0.7720312500000001 0.279078125 0.76125 0.28112499999999996 0.750484375 0.28317187499999996 0.7391875 0.28728125000000004 0.728421875 0.295484375 0.72175 0.30215625 0.71559375 0.313953125 0.713546875 0.3231875 0.713546875 0.333453125 0.7140625 0.34371874999999996 0.7158125 0.335609375 0.7189687499999999 0.35924999999999996 0.737890625 0.378171875 0.7474062499999999 0.341421875 0.7633125 0.322953125
46 0.8503281250000001 0.472265625 0.82615625 0.479984375 0.81021875 0.49387499999999995 0.79940625 0.5139375 0.8719374999999999 0.547359375 0.875 0.54634375 0.875 0.470734375 0.8688437499999999 0.46609375000000003 0.8503281250000001 0.472265625
46 0.7179375 0.46896875 0.721765625 0.47757812499999996 0.72559375 0.483328125 0.739 0.489078125 0.755265625 0.49673437500000006 0.7868593749999999 0.5072656249999999 0.798359375 0.50246875 0.800265625 0.49768749999999995 0.8088906250000001 0.49003125000000003 0.82325 0.48045312500000004 0.836640625 0.475671875 0.84909375 0.469921875 0.854828125 0.45843749999999994 0.859625 0.4526875 0.86153125 0.439296875 0.851 0.42109375 0.82228125 0.396203125 0.814625 0.40865625000000005 0.81175 0.420140625 0.80696875 0.427796875 0.7993125 0.4345 0.787828125 0.44025 0.775375 0.44312500000000005 0.7629374999999999 0.44312500000000005 0.758140625 0.44312500000000005 0.7322968750000001 0.44312500000000005 0.726546875 0.439296875 0.70740625 0.43162500000000004 0.711234375 0.459390625 0.7179375 0.46896875
46 0.827765625 0.3665625 0.828515625 0.401625 0.8501406250000001 0.41953125 0.861328125 0.44564062499999996 0.8471562499999999 0.47248437499999996 0.8717812500000001 0.46801562499999994 0.874765625 0.34568750000000004 0.838203125 0.312859375 0.838953125 0.31584375 0.8411875 0.33821875 0.827765625 0.3665625
46 0.47992187499999994 0.9829062499999999 0.530375 0.998671875 0.558765625 0.98921875 0.56034375 0.9624062500000001 0.538265625 0.9245625000000001 0.5130312499999999 0.8930312499999999 0.47203125 0.90090625 0.442078125 0.93403125 0.44681249999999995 0.9624062500000001 0.47992187499999994 0.9829062499999999
46 0.485171875 0.8380625 0.5065625 0.8551718749999999 0.538125 0.8653281249999999 0.5466875 0.862125 0.5488125 0.854640625 0.52796875 0.8188124999999999 0.5194062500000001 0.79153125 0.51459375 0.741796875 0.51459375 0.73965625 0.5124531250000001 0.736984375 0.47876562500000003 0.755171875 0.46645312499999997 0.77228125 0.46699999999999997 0.8113125 0.485171875 0.8380625
3 0.12859375 0.731984375 0.16025 0.713890625 0.189640625 0.67996875 0.1986875 0.617796875 0.182859375 0.595171875 0.163640625 0.587265625 0.127453125 0.63475 0.12859375 0.731984375
3 0.327359375 0.25982812499999997 0.3420625 0.27 0.3669375 0.279046875 0.390671875 0.279046875 0.42571875 0.27565625 0.440421875 0.272265625 0.458515625 0.27 0.47659375 0.26773437499999997 0.48451562499999995 0.26321875 0.490171875 0.24851562500000002 0.48903125000000003 0.24512499999999998 0.47095312500000003 0.242875 0.459640625 0.242875 0.403109375 0.23834375 0.3545 0.21800000000000003 0.302484375 0.234953125 0.295703125 0.24626562500000002 0.31267187500000004 0.24626562500000002 0.327359375 0.25982812499999997
46 0.86071875 0.761859375 0.8539375 0.758265625 0.841171875 0.7610625 0.830015625 0.772625 0.8296093750000001 0.787765625 0.834 0.8013281250000001 0.8455625 0.8049062499999999 0.8686875000000001 0.8085000000000001 0.875 0.8049062499999999 0.875 0.7678281250000001 0.871875 0.76225 0.86071875 0.761859375
46 0.6359375 0.3546875 0.659375 0.3640625 0.671875 0.3640625 0.671875 0.35625 0.6890625 0.35625 0.6921875 0.3484375 0.690625 0.340625 0.7299056875 0.3303960203125 0.8334576765625 0.7741773015625 0.8404238859375001 0.77168935625 0.8400835390625 0.7795482671875 0.8352430562500001 0.781828703125 0.8397431937500001 0.7874071781249999 0.8370370375 0.789448303125 0.8394028468749999 0.7952660890625001 0.8390625 0.803125 0.8375 0.803125 0.828125 0.815625 0.828125 0.828125 0.8359375 0.8390625 0.8515625 0.875 0.85 0.90625 0.84375 0.915625 0.8453125 0.94375 0.8546875 0.95625 0.871875 0.9578125 0.8734375 0.8203125 0.8671875 0.809375 0.8453125 0.80625 0.8407642328125 0.7638304453125 0.8713954203125001 0.056528465625 0.8734375 0.05 0.867578125 0.043359375 0.8720761140625 0.04081064375 0.8734375 0.009375 0.8625 0.009375 0.853125 0.0171875 0.85 0.0234375 0.855859375 0.030078125 0.85 0.0359375 0.85625 0.0453125 0.8489955359374999 0.0494977671875 0.73515625 0.164453125 0.7359375 0.1703125 0.7140625 0.1703125 0.70625 0.1734375 0.6984375 0.18125 0.6953125 0.1875 0.69396306875 0.187784090625 0.69710648125 0.19511959843749999 0.6894886359375 0.19431818125 0.6390625 0.26875 0.6357954546875 0.27272727343750003 0.6296875 0.2765625 0.6313210234375 0.2792613640625 0.625390625 0.284375 0.626846590625 0.2857954546875 0.622372159375 0.2923295453125 0.62109375 0.2921875 0.6125 0.3078125 0.6089488640625 0.31193181875 0.6109375 0.3171875 0.60447443125 0.318465909375 0.6 0.325 0.596875 0.33125 0.597453703125 0.3324942125 0.5949074078125001 0.3399884265625 0.596875 0.3453125 0.5923611109375 0.3474826390625 0.49560185390625 0.63226272578125 0.609375 0.359375 0.6234375 0.359375 0.6359375 0.3546875