1 0.3178125 0.5731875 0.329703125 0.591015625 0.320046875 0.643734375 0.357171875 0.6504218749999999 0.36310937499999996 0.649671875 0.36906249999999996 0.64003125 0.376484375 0.624421875 0.38465625000000003 0.585078125 0.375 0.5657656249999999 0.34678125 0.547203125 0.323765625 0.543484375 0.303703125 0.549421875 0.292578125 0.555375 0.29628125 0.5583437499999999 0.3178125 0.5731875
1 0.25842187499999997 0.6489375 0.292875 0.653640625 0.3195 0.639546875 0.33046875 0.601953125 0.33046875 0.589421875 0.292875 0.55028125 0.28346875 0.55028125 0.25059375 0.559671875 0.22553125000000002 0.573765625 0.205171875 0.600390625 0.22865625 0.63328125 0.2380625 0.642671875 0.25842187499999997 0.6489375
1 0.42493749999999997 0.687796875 0.4328125 0.6956562500000001 0.43609375000000006 0.7035312499999999 0.441984375 0.708109375 0.44592187499999997 0.721875 0.44460937500000003 0.7323593749999999 0.489828125 0.72646875 0.491796875 0.717296875 0.491796875 0.7041875 0.48590625000000004 0.6891093749999999 0.474109375 0.67665625 0.45115625000000004 0.673375 0.43543750000000003 0.673375 0.41773437500000005 0.6773125 0.412484375 0.6812343750000001 0.416421875 0.683859375 0.42493749999999997 0.687796875
1 0.151890625 0.54559375 0.1353125 0.508265625 0.10075 0.483390625 0.0661875 0.48892187500000006 0.11595312499999999 0.541453125 0.13668750000000002 0.55528125 0.151890625 0.54559375
1 0.034109375 0.24865624999999997 0.020749999999999998 0.246421875 0.01034375 0.250140625 0.01109375 0.262765625 0.005156249999999999 0.26128125 0 0.266484375 0.0006875 0.326625 0.0393125 0.33404687499999997 0.054156249999999996 0.328859375 0.0645625 0.3333125 0.08609375 0.31771875 0.10093749999999999 0.33925 0.156640625 0.34296875 0.168515625 0.34296875 0.175953125 0.325140625 0.16109374999999998 0.28504687500000003 0.133625 0.2709375 0.11653125 0.266484375 0.095 0.26796875 0.084609375 0.282078125 0.0764375 0.26796875 0.06159375 0.2583125 0.034109375 0.24865624999999997
1 0.3823125 0.725484375 0.37503125000000004 0.71 0.365921875 0.698171875 0.3579375 0.684625 0.341359375 0.6756249999999999 0.32315625 0.6726875 0.3095 0.6726875 0.29765625 0.68634375 0.364109375 0.747328125 0.38140625 0.740953125 0.3823125 0.725484375
1 0.546859375 0.704234375 0.5514375 0.69575 0.5220625 0.663125 0.49400000000000005 0.66378125 0.46464062500000003 0.66834375 0.46529687500000005 0.67421875 0.4894375 0.692484375 0.49270312499999996 0.715984375 0.491390625 0.7179375 0.49596875 0.722515625 0.546859375 0.704234375
46 0.836703125 0.657375 0.82678125 0.653125 0.811890625 0.653828125 0.804078125 0.6474375 0.796984375 0.63821875 0.7828125 0.6275937500000001 0.7806875 0.621203125 0.77571875 0.6084375 0.7665 0.59709375 0.748765625 0.5949687499999999 0.74521875 0.5892968749999999 0.73884375 0.575109375 0.725359375 0.56871875 0.718984375 0.549578125 0.71259375 0.5389375000000001 0.700546875 0.535390625 0.6870625 0.535390625 0.668625 0.528296875 0.653015625 0.531140625 0.641671875 0.5410625 0.637421875 0.561625 0.62678125 0.560921875 0.61259375 0.563765625 0.61471875 0.565890625 0.6757187499999999 0.609140625 0.73103125 0.653125 0.774296875 0.68290625 0.764375 0.699921875 0.770046875 0.709859375 0.801953125 0.7084374999999999 0.82890625 0.70559375 0.846640625 0.69425 0.84946875 0.682203125 0.846640625 0.66659375 0.836703125 0.657375
46 0.873171875 0.688546875 0.876078125 0.687578125 0.907046875 0.68275 0.9206093750000001 0.67790625 0.9409375000000001 0.652734375 0.93221875 0.643046875 0.9177031250000001 0.641109375 0.908015625 0.6391875 0.8915625 0.63046875 0.8751093750000001 0.62175 0.863484375 0.62175 0.862515625 0.6198125 0.8547812499999999 0.605296875 0.84509375 0.594640625 0.8296093750000001 0.587875 0.8247656250000001 0.5578593749999999 0.8005625000000001 0.554953125 0.787984375 0.5568906250000001 0.766671875 0.559796875 0.7618437499999999 0.5578593749999999 0.7405468749999999 0.552046875 0.7434375 0.5568906250000001 0.8499375 0.67015625 0.873171875 0.688546875
46 0.49526562500000004 0.32640625 0.4955625 0.329734375 0.53271875 0.3635625 0.5266875 0.344234375 0.517625 0.3309375 0.517015625 0.328515625 0.510375 0.327 0.49526562500000004 0.32640625
46 0.454921875 0.31579687500000003 0.4528125 0.30915625 0.44132812499999996 0.2955625 0.42984375 0.292234375 0.41746875 0.29465625 0.40446875000000004 0.302203125 0.40235937499999996 0.307046875 0.42078125 0.30643750000000003 0.434375 0.32003125 0.43528124999999995 0.317609375 0.45462499999999995 0.317921875 0.454921875 0.31579687500000003
46 0.503625 0.38553125 0.486203125 0.37584375 0.474578125 0.373921875 0.46878125 0.37489062500000003 0.46490625 0.37875000000000003 0.46587500000000004 0.38746875 0.46878125 0.405859375 0.481359375 0.405859375 0.5075000000000001 0.40973437500000004 0.503625 0.38553125
46 0.458671875 0.410734375 0.4703125 0.40646875 0.4703125 0.3940625 0.46643749999999995 0.38475000000000004 0.46060937500000004 0.377765625 0.45325 0.3735 0.443546875 0.370796875 0.435015625 0.369625 0.427265625 0.369625 0.41990625000000004 0.3711875 0.41795312500000004 0.372734375 0.416796875 0.377390625 0.44781250000000006 0.40335937499999996 0.447046875 0.412671875 0.44781250000000006 0.41460937500000006 0.458671875 0.410734375
46 0.270703125 0.337046875 0.26315625 0.35884375 0.25393750000000004 0.37309375 0.25603125000000004 0.376453125 0.264828125 0.37560937499999997 0.274890625 0.37184375 0.2863125 0.360265625 0.29471875000000003 0.3488125 0.293953125 0.33965625 0.29140625 0.324125 0.28378125 0.312921875 0.273078125 0.304015625 0.25553125 0.29817187500000003 0.24025 0.30325 0.24260937500000002 0.30434375 0.264828125 0.321953125 0.270703125 0.337046875
46 0.20428125000000003 0.303078125 0.22839062499999999 0.300359375 0.23343750000000002 0.292578125 0.232671875 0.27509375 0.22839062499999999 0.26770312500000004 0.22021875 0.25370312500000003 0.20856249999999998 0.24165625 0.19690625 0.24009375 0.17901562499999998 0.242046875 0.16190625 0.24904687499999997 0.1556875 0.25953125 0.1696875 0.271203125 0.2015625 0.300359375 0.20428125000000003 0.303078125
46 0.256078125 0.36979687499999997 0.25721875 0.363015625 0.26965625000000004 0.346625 0.267390625 0.33023437499999997 0.251 0.307625 0.230078125 0.30084374999999997 0.20521875 0.30365625 0.20973437499999997 0.311578125 0.24704687500000003 0.34153125 0.256078125 0.36979687499999997
46 0.351796875 0.332765625 0.310203125 0.3345 0.294609375 0.34835937499999997 0.28246875 0.36915624999999996 0.2980625 0.37956249999999997 0.3119375 0.381296875 0.341390625 0.37956249999999997 0.356984375 0.377828125 0.376046875 0.377828125 0.372578125 0.35529687499999996 0.351796875 0.332765625
46 0.329265625 0.33464062499999997 0.3223125 0.326515625 0.31225 0.31878125 0.30529687499999997 0.31684375 0.29446875 0.315296875 0.2894375 0.315296875 0.28828125 0.316078125 0.292140625 0.32418749999999996 0.29484374999999996 0.34895312500000003 0.30915625 0.335796875 0.329265625 0.33464062499999997
46 0.326421875 0.40415625000000005 0.321875 0.390296875 0.309375 0.37324999999999997 0.299609375 0.37075 0.286421875 0.36846875 0.27075 0.37075 0.26665625 0.37346875 0.26075 0.384375 0.264609375 0.391203125 0.29346875 0.399375 0.326421875 0.40415625000000005
1 0.382390625 0.740609375 0.385515625 0.746453125 0.417078125 0.739046875 0.44475 0.73125 0.44514062499999996 0.7187812499999999 0.44164062499999995 0.707859375 0.43579687500000003 0.7047343749999999 0.43423437500000006 0.700453125 0.42993750000000003 0.69265625 0.41981250000000003 0.685640625 0.414359375 0.684078125 0.408890625 0.681359375 0.393296875 0.685640625 0.379265625 0.687984375 0.366796875 0.6950000000000001 0.366796875 0.69734375 0.38278124999999996 0.7265625 0.382390625 0.740609375
46 0.27584375 0.3045 0.26721875 0.28725 0.25859375 0.27345312499999996 0.2361875 0.2665625 0.231015625 0.27518750000000003 0.231015625 0.299328125 0.24481250000000002 0.301046875 0.25515625000000003 0.29759375 0.262046875 0.301046875 0.27584375 0.3045
46 0.23125 0.37421875 0.2421875 0.38515625 0.2578125 0.39296875 0.2796875 0.41015625 0.296875 0.41484375 0.3015625 0.42265625 0.31875 0.43671875 0.3546875 0.43984375 0.3532670453125 0.444247159375 0.615909090625 0.6580255687500001 0.621875 0.67265625 0.615625 0.67890625 0.6078125 0.69296875 0.60625 0.71484375 0.6109375 0.72578125 0.6203125 0.73515625 0.6390625 0.74296875 0.6625 0.74296875 0.6859375 0.74765625 0.70625 0.73984375 0.7140625 0.73203125 0.7203125 0.71796875 0.7203125 0.70546875 0.7140625 0.68984375 0.7 0.67421875 0.690625 0.66953125 0.68125 0.66953125 0.6671875 0.66015625 0.646875 0.66015625 0.625 0.66953125 0.6220170453125 0.6629971593749999 0.62578125 0.6595 0.51640625 0.466125 0.51875 0.45546875 0.5390625 0.45546875 0.5546875 0.44453125 0.5609375 0.43046875 0.5578125 0.40859375 0.5640625 0.40390625 0.6015625 0.43671875 0.6234375 0.45234375 0.6296875 0.45390625 0.653125 0.48046875 0.6625 0.48515625 0.68125 0.48515625 0.690625 0.48046875 0.7 0.46953125 0.703125 0.46015625 0.703125 0.44609375 0.696875 0.43203125 0.6859375 0.42109375 0.6703125 0.39921875 0.653125 0.39296875 0.646875 0.38671875 0.6359375 0.38203125 0.615625 0.36171875 0.6046875 0.35546875 0.596875 0.34765625 0.5890625 0.34453125 0.578125 0.32890625 0.5703125 0.32109375 0.5609375 0.31640625 0.5375 0.31796875 0.525 0.32890625 0.521875 0.33828125 0.5296875 0.35390625 0.5234375 0.35546875 0.5203125 0.35234375 0.51875 0.36015625 0.5140625 0.35703125 0.5046875 0.35703125 0.4859375 0.33359375 0.4640625 0.31796875 0.4546875 0.31328125 0.453125 0.31796875 0.4359375 0.31796875 0.434375 0.32109375 0.4203125 0.30703125 0.40625 0.30703125 0.40625 0.30234375 0.4140625 0.29609375 0.4015625 0.30234375 0.3875 0.28828125 0.3546875 0.27109375 0.325 0.27109375 0.3203125 0.26796875 0.3046875 0.26796875 0.29375 0.27734375 0.2921875 0.28203125 0.29453125 0.3024553578125 0.28671875 0.30546875 0.265625 0.32421875 0.2578125 0.31640625 0.26875 0.33203125 0.26875 0.34140625 0.25 0.35078125 0.246875 0.34140625 0.23125 0.32890625 0.2265625 0.33515625 0.225 0.35078125 0.2299107140625 0.35703125 0.225 0.35859375 0.23125 0.37421875