13 0.00371875 0.7421875 0.00615625 0.74190625 0.013718749999999998 0.7389375 0.022890625 0.74190625 0.02425 0.75109375 0.027484375 0.7691874999999999 0.031796875 0.7675625 0.03071875 0.72165625 0.028296875 0.7149062500000001 0.02425 0.70815625 0.01884375 0.70384375 0.007765625 0.696828125 0.011546875 0.6925 0.011828125 0.669015625 0.01046875 0.667125 0.00075 0.66496875 0 0.6979062500000001 0.00078125 0.7429218750000001 0.00371875 0.7421875
21 0.9094843750000001 0.780375 0.8957499999999999 0.7935 0.9063593750000001 0.795375 0.9413281250000001 0.8066093750000001 0.9744375 0.8059843750000001 0.9688125 0.79475 0.9094843750000001 0.780375
52 0.597203125 0.439984375 0.597203125 0.459296875 0.59571875 0.48306250000000006 0.5868125 0.4949375 0.5897812499999999 0.51871875 0.616515625 0.529109375 0.63434375 0.54990625 0.6462343749999999 0.5736875 0.6536562499999999 0.61825 0.63434375 0.71184375 0.84828125 0.710359375 0.852734375 0.27804687499999997 0.643265625 0.28546875 0.5882968749999999 0.30478125 0.5882968749999999 0.41471875 0.597203125 0.439984375
13 0.294640625 0.5875 0.303609375 0.593484375 0.318578125 0.5860000000000001 0.318578125 0.517203125 0.30062500000000003 0.49626562500000004 0.294640625 0.517203125 0.294640625 0.5875
27 0.25390625 0.8185156250000001 1 0.823015625 0.8533593749999999 0.705828125 0.698625 0.6938125 0.60996875 0.6892968749999999 0.380109375 0.7013281250000001 0.220859375 0.71034375 0.24489062499999997 0.741890625 0.24940625 0.783953125 0.25390625 0.8185156250000001
49 0.52315625 0.45540624999999996 0.547140625 0.495875 0.547140625 0.518359375 0.5666249999999999 0.566328125 0.577125 0.6053124999999999 0.560625 0.656265625 0.547140625 0.6877500000000001 0.53065625 0.725234375 0.536640625 0.7342187499999999 0.559125 0.73571875 0.596609375 0.73271875 0.635578125 0.716234375 0.635578125 0.711734375 0.634078125 0.68925 0.634078125 0.671265625 0.6670625 0.663765625 0.6565624999999999 0.6053124999999999 0.6535624999999999 0.581328125 0.62809375 0.5543437499999999 0.6145937499999999 0.54384375 0.599609375 0.5333593750000001 0.5921093749999999 0.515359375 0.5921093749999999 0.492875 0.593609375 0.470390625 0.593609375 0.44790625000000006 0.584609375 0.428421875 0.577125 0.4104375 0.5756249999999999 0.40893750000000006 0.544140625 0.3984375 0.52615625 0.4059375 0.51865625 0.41193749999999996 0.509671875 0.435921875 0.509671875 0.44790625000000006 0.51415625 0.426921875 0.51415625 0.44340624999999995 0.52315625 0.45540624999999996
26 0.839203125 0.7716406250000001 0.845953125 0.77840625 0.8432031249999999 0.7989843750000001 0.8542500000000001 0.8060625 0.86778125 0.8051406249999999 0.879140625 0.802375 0.88221875 0.7753281249999999 0.88375 0.7541249999999999 0.88590625 0.74490625 0.881609375 0.742453125 0.8717656249999999 0.740609375 0.8579375 0.739078125 0.839515625 0.74153125 0.8376718750000001 0.747375 0.83459375 0.7482968750000001 0.8299843750000001 0.7544375 0.8296718750000001 0.769796875 0.831515625 0.770109375 0.839203125 0.7716406250000001
46 0.644296875 0.7783125 0.651296875 0.781453125 0.66353125 0.78215625 0.6785625 0.779015625 0.683109375 0.769921875 0.68240625 0.7618750000000001 0.679265625 0.7506875 0.67121875 0.7454531249999999 0.653734375 0.743703125 0.648140625 0.74509375 0.6408125 0.75278125 0.638 0.758375 0.63975 0.772015625 0.644296875 0.7783125
46 0.77090625 0.7825624999999999 0.7893125000000001 0.78325 0.795453125 0.7805156249999999 0.7975 0.77096875 0.7988593749999999 0.7600625 0.7913593750000001 0.74915625 0.7825 0.7443906250000001 0.779765625 0.751203125 0.7756875 0.7457499999999999 0.7675 0.74165625 0.76 0.748484375 0.7538750000000001 0.7600625 0.757953125 0.773703125 0.7565937500000001 0.773703125 0.76409375 0.7805156249999999 0.77090625 0.7825624999999999
47 0.10595312500000001 0.538046875 0.0044843750000000005 0.54103125 0.002984375 0.648484375 0.068640625 0.741 0.068640625 0.81859375 0.191015625 0.817109375 0.20295312499999998 0.78428125 0.20593750000000002 0.594765625 0.07909374999999999 0.6081875 0.21787499999999999 0.538046875 0.201453125 0.54103125 0.10595312500000001 0.538046875
57 0.44846874999999997 0.5883125 0.43046875 0.57365625 0.427203125 0.5487031250000001 0.39075000000000004 0.54915625 0.35953124999999997 0.5490625 0.359875 0.566859375 0.34415625 0.566328125 0.333078125 0.5739062500000001 0.32229687500000004 0.574546875 0.31878125 0.585640625 0.29317187499999997 0.587703125 0.29317187499999997 0.56946875 0.278796875 0.565875 0.27984375 0.585515625 0.258640625 0.58746875 0.253578125 0.5705625000000001 0.21940624999999997 0.5740000000000001 0.215375 0.5620625 0.198921875 0.605828125 0.19853125 0.6158125 0.4409375 0.612921875 0.44846874999999997 0.5883125
14 0.769703125 0.7720312500000001 0.7717968749999999 0.799703125 0.782625 0.816546875 0.820328125 0.8179375 0.83434375 0.808421875 0.8451718749999999 0.779859375 0.8081875000000001 0.764828125 0.769703125 0.7720312500000001
14 0.28809375 0.569484375 0.291984375 0.570546875 0.295859375 0.57125 0.29555803593749996 0.5628727671875 0.2989888390625 0.563225446875 0.295256696875 0.5544955359375 0.302118303125 0.5552008921875 0.3191875 0.569140625 0.3190104171875 0.5606588546875 0.325890625 0.563484375 0.3311875 0.555359375 0.3354375 0.545109375 0.3365 0.5316875 0.32271875 0.516484375 0.318125 0.51825 0.31846874999999997 0.5150781249999999 0.3146361609375 0.523102678125 0.3183020828125 0.5267317703125001 0.31847916718749997 0.5352135421875001 0.311506696875 0.5311272328125 0.3052477671875 0.5471763390625 0.29495535781250004 0.546118303125 0.29375 0.512609375 0.2743125 0.520375 0.26971875 0.53309375 0.269015625 0.538390625 0.27678125 0.545109375 0.2803125 0.5620625 0.28809375 0.569484375
46 0.64334375 0.750875 0.64171875 0.746625 0.6351718749999999 0.7364843750000001 0.61621875 0.733875 0.606421875 0.741390625 0.60675 0.7554531250000001 0.621453125 0.755765625 0.6309375 0.7616562499999999 0.632890625 0.770484375 0.63878125 0.768515625 0.63975 0.7695000000000001 0.63746875 0.75609375 0.64334375 0.750875
46 0.678875 0.748140625 0.679875 0.74390625 0.678734375 0.7406406249999999 0.673640625 0.7366875 0.66728125 0.7356874999999999 0.6633125 0.73753125 0.66175 0.73809375 0.659640625 0.74446875 0.669546875 0.74503125 0.674484375 0.74659375 0.678875 0.748140625
42 0.8436875 0.741609375 0.8793593749999999 0.74103125 0.88053125 0.7345937499999999 0.80740625 0.710015625 0.694515625 0.7258125 0.742484375 0.756234375 0.827296875 0.748046875 0.8436875 0.741609375
13 0.04440625 0.83115625 0.04365625 0.781609375 0.04065625 0.77259375 0.027890625000000002 0.762078125 0.025640625 0.7433125 0.019640625000000002 0.7410625 0.012875000000000001 0.7395625 0.007625 0.7403125 0.006125 0.7470625 0.008375 0.760578125 0.002375 0.77109375 0.002375 0.77259375 0.0016093750000000001 0.83040625 0.04440625 0.83115625
49 0.48423437500000005 0.6992499999999999 0.50346875 0.706046875 0.51365625 0.7207656250000001 0.5249843750000001 0.719625 0.5397031250000001 0.7094375 0.5430937499999999 0.69471875 0.5430937499999999 0.682265625 0.5430937499999999 0.647171875 0.540828125 0.616609375 0.53290625 0.6041562500000001 0.526109375 0.600765625 0.510265625 0.591703125 0.4989375 0.5679375 0.5057343750000001 0.550953125 0.520453125 0.5486875 0.5374375 0.5566093750000001 0.545359375 0.5758593750000001 0.55215625 0.5985 0.551015625 0.62340625 0.54875 0.63359375 0.5623437499999999 0.6426406250000001 0.5759218749999999 0.6426406250000001 0.580453125 0.622265625 0.5770625 0.5894375000000001 0.56346875 0.562265625 0.551015625 0.5294375 0.546484375 0.527171875 0.5385625 0.526046875 0.5397031250000001 0.515859375 0.544234375 0.507921875 0.547625 0.49207812500000003 0.535171875 0.467171875 0.5249843750000001 0.451328125 0.5170625 0.4501875 0.494421875 0.45925000000000005 0.48309375 0.46264062499999997 0.47856249999999995 0.49321875000000004 0.47403125 0.49887499999999996 0.48196874999999995 0.51925 0.475171875 0.520375 0.460453125 0.530578125 0.440078125 0.5350937499999999 0.42648437499999997 0.541890625 0.42648437499999997 0.552078125 0.42989062499999997 0.5679375 0.44346874999999997 0.5883125 0.460453125 0.6041562500000001 0.4570625 0.6494375 0.454796875 0.710578125 0.4581875 0.71284375 0.468375 0.70378125 0.48423437500000005 0.6992499999999999