18 0.736921875 0.52825 0.737484375 0.527109375 0.739765625 0.524 0.749953125 0.52371875 0.75875 0.5129374999999999 0.774328125 0.510953125 0.7720625 0.50728125 0.756484375 0.506140625 0.749671875 0.506421875 0.73946875 0.514921875 0.7323906250000001 0.518328125 0.7323906250000001 0.524 0.731828125 0.523421875 0.73096875 0.52540625 0.736921875 0.52825
18 0.8200156249999999 0.5300312500000001 0.8327031249999999 0.529484375 0.83765625 0.530578125 0.838765625 0.532234375 0.8393124999999999 0.533890625 0.8437187500000001 0.5349999999999999 0.84703125 0.5316875 0.85309375 0.5316875 0.8547499999999999 0.526171875 0.849234375 0.51625 0.84096875 0.51625 0.821671875 0.5173593750000001 0.818359375 0.520109375 0.8167031250000001 0.529484375 0.8189062500000001 0.530578125 0.8200156249999999 0.5300312500000001
18 0.714015625 0.5205625 0.714671875 0.5205625 0.71821875 0.5205625 0.71865625 0.5194687499999999 0.7190937500000001 0.51903125 0.7190937500000001 0.518359375 0.7188749999999999 0.5168125 0.71821875 0.514828125 0.717546875 0.51371875 0.711359375 0.50975 0.697453125 0.507546875 0.691046875 0.510640625 0.68509375 0.5130625 0.68265625 0.514828125 0.683109375 0.5187968749999999 0.686640625 0.51903125 0.687515625 0.51903125 0.6952499999999999 0.5194687499999999 0.69590625 0.5194687499999999 0.704078125 0.5205625 0.7085 0.521015625 0.707828125 0.520125 0.70828125 0.52034375 0.71159375 0.520796875 0.71290625 0.5205625 0.714015625 0.5205625
18 0.920671875 0.53396875 0.920125 0.534328125 0.9190625000000001 0.536125 0.917984375 0.537734375 0.917796875 0.538265625 0.917796875 0.53934375 0.9174374999999999 0.54040625 0.9174374999999999 0.542015625 0.9174374999999999 0.542734375 0.9161875 0.54525 0.9167343750000001 0.546671875 0.9174374999999999 0.547921875 0.91959375 0.547921875 0.921734375 0.546859375 0.9220937499999999 0.545953125 0.9220937499999999 0.54578125 0.9229843750000001 0.545953125 0.9233437500000001 0.5461406249999999 0.924421875 0.5463125 0.9272812500000001 0.546671875 0.9294375 0.547390625 0.93121875 0.549546875 0.931046875 0.550609375 0.93265625 0.550796875 0.933546875 0.550609375 0.9360625 0.549890625 0.9362343750000001 0.549546875 0.9378437500000001 0.5491875 0.941609375 0.5491875 0.9469687499999999 0.548640625 0.948578125 0.548640625 0.9510937500000001 0.549 0.952875 0.55096875 0.95503125 0.55096875 0.9553750000000001 0.550609375 0.95609375 0.550078125 0.957171875 0.54846875 0.9582499999999999 0.546859375 0.9582499999999999 0.545953125 0.958609375 0.544171875 0.956640625 0.542203125 0.9559218749999999 0.5409531249999999 0.954125 0.5397031250000001 0.951796875 0.5371875 0.9492968749999999 0.53396875 0.947515625 0.53075 0.945359375 0.5293125 0.943921875 0.5293125 0.9355156250000001 0.5291406249999999 0.9306875 0.528609375 0.9255000000000001 0.5291406249999999 0.9228125 0.53253125 0.9233437500000001 0.531828125 0.921734375 0.5330781250000001 0.920671875 0.53396875
73 0.80771875 0.538140625 0.6446875000000001 0.503734375 0.43676562499999994 0.48129687499999996 0.25728125 0.46634374999999995 0.10021875 0.45737500000000003 0.074796875 0.460359375 0.07778125 0.47831250000000003 0.505578125 0.550109375 0.773328125 0.64434375 0.8301562499999999 0.6189218750000001 0.80771875 0.538140625
18 0.791640625 0.5345156249999999 0.79865625 0.5338437500000001 0.8110468750000001 0.5335156249999999 0.8130468750000001 0.53015625 0.813390625 0.528484375 0.813390625 0.5251406249999999 0.8127187499999999 0.520125 0.8110468750000001 0.5174375 0.80134375 0.517109375 0.789296875 0.5174375 0.776578125 0.5268125 0.77690625 0.531828125 0.786609375 0.5338437500000001 0.791640625 0.5345156249999999
18 0.962296875 0.5092187499999999 0.9580624999999999 0.5056875 0.94746875 0.5056875 0.94040625 0.512046875 0.94040625 0.51415625 0.9665312500000001 0.51415625 0.962296875 0.5092187499999999
74 0.54875 0.46917187499999996 0.528140625 0.468125 0.52628125 0.47028125000000004 0.524 0.470609375 0.5216093749999999 0.47670312499999995 0.5210625 0.482265625 0.528921875 0.483515625 0.558390625 0.48403124999999997 0.54875 0.46917187499999996
74 0.5815 0.47543749999999996 0.574125 0.48110937500000006 0.5661875000000001 0.481953125 0.5661875000000001 0.48421875 0.580640625 0.485640625 0.5905625 0.486484375 0.60359375 0.485359375 0.604171875 0.4839375 0.604171875 0.47571874999999997 0.5815 0.47543749999999996
18 1 0.5430312500000001 0.9955468749999999 0.54015625 0.9906874999999999 0.5397968750000001 0.9764531249999999 0.5394375 0.975375 0.538171875 0.97321875 0.539078125 0.9678125 0.53996875 0.96528125 0.541953125 0.96528125 0.5439375 0.9651093749999999 0.54771875 0.9651093749999999 0.549515625 0.966 0.5515 0.9692500000000001 0.5527656249999999 0.970328125 0.555828125 0.971953125 0.557625 0.97465625 0.558171875 0.977 0.557453125 0.9787968749999999 0.55546875 0.982046875 0.55546875 1 0.5561875 1 0.5430312500000001
18 0.7860625 0.52053125 0.783125 0.515625 0.775296875 0.5109375 0.76021875 0.51309375 0.748671875 0.5236562499999999 0.748671875 0.528546875 0.7580625000000001 0.5303125 0.7711875 0.5307031249999999 0.772359375 0.5303125 0.775484375 0.527578125 0.7860625 0.52053125
18 0.624203125 0.48168749999999994 0.62009375 0.48092187500000005 0.6164375 0.481375 0.61628125 0.48624999999999996 0.608953125 0.483515625 0.605453125 0.4851875 0.609109375 0.487625 0.63046875 0.48534375 0.624203125 0.48168749999999994
18 0.572953125 0.4838125 0.576609375 0.4839375 0.5767187500000001 0.487125 0.598265625 0.487125 0.598484375 0.4845 0.603625 0.484953125 0.6037343749999999 0.47651562500000005 0.581734375 0.474921875 0.57340625 0.4811875 0.572953125 0.4838125
18 0.57521875 0.47707812499999996 0.571234375 0.47690625000000003 0.551796875 0.47790625000000003 0.5449843750000001 0.482390625 0.5449843750000001 0.48489062499999996 0.5715625 0.48489062499999996 0.5730625 0.482234375 0.57521875 0.47707812499999996
18 0.78609375 0.519359375 0.78671875 0.51771875 0.805875 0.516828125 0.8110312499999999 0.515703125 0.81003125 0.512421875 0.792765625 0.50965625 0.7810625 0.511796875 0.7811874999999999 0.5141875 0.7823125 0.5146875 0.78609375 0.519359375
18 0.731234375 0.5246562499999999 0.731828125 0.523484375 0.7320156250000001 0.52209375 0.73221875 0.51934375 0.733796875 0.517375 0.739125 0.514609375 0.7487812500000001 0.506921875 0.73596875 0.50653125 0.73221875 0.508109375 0.7272968750000001 0.514609375 0.726109375 0.515390625 0.720203125 0.5171718750000001 0.71940625 0.5240625 0.720796875 0.524265625 0.731234375 0.5246562499999999