49 0.9651093749999999 0.2836875 0.9668906249999999 0.2836875 0.968328125 0.28403125 0.9686875 0.28117187499999996 0.970828125 0.27653125 0.972609375 0.273140625 0.972609375 0.26740624999999996 0.9713593749999999 0.264203125 0.9713593749999999 0.260984375 0.9685 0.2591875 0.96528125 0.262765625 0.96225 0.265984375 0.9613437499999999 0.272421875 0.963140625 0.2745625 0.9635 0.28135937499999997 0.9633125 0.28153125 0.963671875 0.28225 0.9651093749999999 0.2836875
49 0.992421875 0.278359375 0.992703125 0.2768125 0.9925625 0.274875 0.992984375 0.26846875 0.99159375 0.26373437499999997 0.9903437500000001 0.2609375 0.9902031250000001 0.25815625 0.988109375 0.25606249999999997 0.9864375000000001 0.2573125 0.985328125 0.261078125 0.9844843750000001 0.2615 0.981421875 0.267625 0.9811406249999999 0.27334375 0.9840781249999999 0.2768125 0.9839375 0.28321874999999996 0.98796875 0.28378125 0.988109375 0.2835 0.988671875 0.27709375 0.992421875 0.278359375
49 0.9052187500000001 0.261421875 0.905921875 0.2591875 0.9057968750000001 0.256703125 0.903328125 0.256359375 0.902859375 0.258359375 0.9014374999999999 0.26225 0.90203125 0.26271875 0.9040312500000001 0.2634375 0.9052187500000001 0.261421875
65 0.9535937499999999 0.5097031249999999 0.9309375 0.49749999999999994 0.913078125 0.49140625 0.8995625 0.48965625 0.8865000000000001 0.48790625 0.8721249999999999 0.486171875 0.8594843750000001 0.485734375 0.8425 0.486609375 0.8407500000000001 0.493578125 0.84684375 0.50578125 0.8551249999999999 0.517109375 0.867765625 0.5354062500000001 0.8803906250000001 0.5515156250000001 0.903484375 0.57765625 0.9178593749999999 0.591609375 0.9283125 0.6011875 0.95096875 0.6203593749999999 0.96796875 0.6351718749999999 0.984953125 0.6465 0.99803125 0.655203125 0.999765625 0.654765625 1 0.5506562500000001 0.992359375 0.5415 0.9788593750000001 0.529734375 0.9535937499999999 0.5097031249999999
65 0.77559375 0.7495 0.8069843750000001 0.7615000000000001 0.84115625 0.767046875 0.8823593750000001 0.7469375 0.8960156250000001 0.686421875 0.8804062500000001 0.62590625 0.8179375 0.5380625 0.7886562500000001 0.5126875 0.737890625 0.510734375 0.712515625 0.5283125 0.7091093749999999 0.525109375 0.7091093749999999 0.618375 0.7201875 0.69225 0.7478906249999999 0.733796875 0.77559375 0.7495
65 0.733784090625 0.3312741484375 0.7346830359375 0.3279732140625 0.742876115625 0.32840513437499996 0.7419573859375 0.332059659375 0.75013068125 0.3328451703125 0.751069196875 0.328837053125 0.7583039765625 0.33363068125 0.7664772734375 0.33441619375 0.7674553578125 0.3297008921875 0.7756484375 0.3301328125 0.77465056875 0.3352017046875 0.7828238640625 0.335987215625 0.7838415171875 0.3305647328125 0.785625 0.32865234375 0.790997159375 0.3367727265625 0.7920345984375 0.3309966515625 0.794234375 0.329265625 0.7991704546875 0.3375582390625 0.800227678125 0.33142857187499997 0.8028437500000001 0.32987890625 0.8084207593749999 0.331860490625 0.80734375 0.33834375 0.811171875 0.338671875 0.8114531250000001 0.3304921875 0.8166138390625 0.3322924109375 0.8200625 0.33110546875 0.8203515625 0.338078125 0.8248069203125 0.3327243296875 0.8286718750000001 0.33171875 0.833 0.33315625 0.8295312499999999 0.337484375 0.833859375 0.33546875 0.8433671875 0.3373359375 0.8445234375 0.33315625 0.8537343749999999 0.33806250000000004 0.856046875 0.3343125 0.8635468749999999 0.338640625 0.8635468749999999 0.330859375 0.8698750000000001 0.329125 0.8692968750000001 0.32653125 0.833 0.33199999999999996 0.7597968749999999 0.3268125 0.7592622765625 0.3292689734375 0.7514968750000001 0.32687187500000003 0.718296875 0.3268125 0.7174375000000001 0.329703125 0.7256107953125001 0.3304886359375 0.7264899546875 0.3275412953125 0.733784090625 0.3312741484375
65 0.7498750000000001 0.46076562499999996 0.72484375 0.431046875 0.713125 0.420890625 0.699046875 0.41776562500000003 0.68809375 0.423234375 0.676375 0.4404375 0.6779375 0.47248437499999996 0.702171875 0.4928125 0.741265625 0.497515625 0.75846875 0.488125 0.75690625 0.47484374999999995 0.7498750000000001 0.46076562499999996
65 0.6129374999999999 0.42995312500000005 0.610953125 0.412078125 0.5884375000000001 0.3915625 0.547390625 0.37698437500000004 0.5255468750000001 0.375 0.505015625 0.38493750000000004 0.5407656249999999 0.42003124999999997 0.571890625 0.43657812500000004 0.593078125 0.439890625 0.6129374999999999 0.42995312500000005
65 0.467859375 0.4411875 0.44067187499999994 0.47178125 0.43303125 0.5125625 0.453421875 0.53040625 0.48910937499999996 0.52871875 0.518 0.5168125 0.55028125 0.451390625 0.5451875 0.43609375000000006 0.524796875 0.424203125 0.493359375 0.42504687499999994 0.4925 0.43014062500000005 0.467859375 0.4411875
65 0.217125 0.56078125 0.218984375 0.57403125 0.222953125 0.5822499999999999 0.2290625 0.58809375 0.24496875 0.59525 0.26140625 0.59578125 0.285015625 0.591015625 0.304375 0.58146875 0.318953125 0.5663437499999999 0.33195312499999996 0.5414218749999999 0.33964062500000003 0.49924999999999997 0.3415 0.48042187500000005 0.33884375 0.46849999999999997 0.336453125 0.4653125 0.330890625 0.46107812499999995 0.3285 0.44675000000000004 0.32796875000000003 0.44701562499999997 0.32584375 0.44967187500000005 0.3253125 0.46134375 0.32160937500000003 0.46134375 0.314703125 0.460546875 0.30278125 0.46159375 0.300921875 0.440921875 0.300921875 0.4335 0.29879687499999996 0.43323437499999995 0.2990625 0.462125 0.27546875000000004 0.46903125 0.270953125 0.45709375 0.26909375 0.455765625 0.26890625 0.46746875 0.255953125 0.473953125 0.24371874999999998 0.48690625 0.228609375 0.511359375 0.21853125 0.544453125 0.217921875 0.54725 0.217921875 0.554671875 0.217125 0.56078125
65 0.740328125 0.4218125 0.769921875 0.443265625 0.7865624999999999 0.4484375 0.810609375 0.446953125 0.822078125 0.442890625 0.8231875000000001 0.43364062499999995 0.819484375 0.42476562500000004 0.808390625 0.413296875 0.776578125 0.394078125 0.765109375 0.389265625 0.754015625 0.3851875 0.74884375 0.38296874999999997 0.7458750000000001 0.38075000000000003 0.73921875 0.379640625 0.7333125 0.382234375 0.73109375 0.38296874999999997 0.7233125 0.382234375 0.718515625 0.38260937500000003 0.714078125 0.364484375 0.71221875 0.359671875 0.709265625 0.3589375 0.71 0.380390625 0.707046875 0.382234375 0.70371875 0.38296874999999997 0.700390625 0.38334375 0.693359375 0.38371875 0.69003125 0.3855625 0.69965625 0.39665625000000004 0.740328125 0.4218125
65 0 0.6059375 0.001984375 0.6076875 0.027328124999999998 0.6050625000000001 0.054656249999999997 0.595984375 0.07614062499999999 0.5820937500000001 0.10162500000000001 0.557765625 0.1339375 0.524296875 0.161890625 0.48949999999999994 0.163796875 0.48228125000000005 0.164359375 0.47809375000000004 0.16321875 0.47506250000000005 0.161515625 0.47315625 0.161328125 0.47143750000000006 0.163609375 0.465734375 0.163609375 0.46021875 0.163609375 0.45528124999999997 0.161703125 0.45432812499999997 0.159609375 0.45814062499999997 0.15865625 0.4623125 0.156765625 0.470296875 0.15409375 0.46878125 0.150484375 0.467453125 0.141921875 0.46782812500000004 0.14021875 0.466125 0.14040625 0.46098437499999995 0.140984375 0.457 0.14154687500000002 0.4528125 0.1430625 0.44559375 0.145734375 0.441015625 0.14554687500000002 0.438171875 0.144015625 0.438171875 0.1430625 0.43931250000000005 0.141171875 0.442734375 0.13964062500000002 0.44634375000000004 0.13603125 0.4663125 0.133 0.4665 0.125953125 0.4665 0.10789062499999999 0.46896875 0.10846875 0.45765625 0.105625 0.45432812499999997 0.104203125 0.46809375 0.09328125000000001 0.471890625 0.07525 0.4804375 0.063375 0.48565625 0.031109375 0.5051249999999999 0.00025 0.5336093749999999 0 0.536484375 0 0.6059375
65 0.92875 0.371328125 0.8895 0.353234375 0.8390000000000001 0.343 0.82228125 0.346078125 0.81478125 0.3474375 0.8110156249999999 0.341984375 0.8059062499999999 0.33140625 0.8069218749999999 0.340953125 0.8059062499999999 0.34846875 0.803859375 0.3488125 0.8018124999999999 0.348125 0.8011250000000001 0.3525625 0.9011093750000001 0.380546875 0.9253281250000001 0.38121875 0.931125 0.375765625 0.92875 0.371328125
65 0.9446249999999999 0.34796875 0.899046875 0.339890625 0.821671875 0.33799999999999997 0.818359375 0.340375 0.8871874999999999 0.34890625000000003 0.9574374999999999 0.366 0.968359375 0.361734375 0.960765625 0.35365625 0.9446249999999999 0.34796875