27 0.00471875 0.07665625000000001 0.00471875 0.277125 0.007078125 0.9775937499999999 0.9976406250000001 0.979953125 0.9929218750000001 0.26296875000000003 0.9551875000000001 0.23939062500000002 0.8867968749999999 0.185140625 0.8396250000000001 0.159203125 0.82546875 0.13089062499999998 0.792453125 0.07665625000000001 0.643875 0.029484375 0.497640625 0.0365625 0.2594375 0.10495312500000001 0.172171875 0.13796875 0.17453125 0.152125 0.04009375 0.27240625 0.00471875 0.07665625000000001
49 0.411234375 0.040453125 0.53034375 0.026968750000000003 0.689890625 0.013484375000000002 0.808984375 0.094375 0.858421875 0.011234375000000001 0.062921875 0.0045 0.141578125 0.1550625 0.22921874999999997 0.12584375 0.26742187500000003 0.083140625 0.411234375 0.040453125
32 0.34909375 0.36148437499999997 0.40315625 0.365984375 0.355859375 0.334453125 0.3175625 0.32995312499999996 0.238734375 0.352484375 0.20045312499999998 0.36825 0.20945312500000002 0.40203125 0.27703125 0.393015625 0.290546875 0.38175 0.33332812500000003 0.375 0.34909375 0.36148437499999997
41 0.601328125 0.349796875 0.59684375 0.3453125 0.46313002265625 0.3453125 0.7361718749999999 0.37003125 0.7136875 0.3430625 0.60518973203125 0.3451517859375 0.601328125 0.349796875
41 0.1181875 0.352046875 0.12611856640625002 0.35191498125 0.12193229140624999 0.35953645859375 0.129421875 0.374515625 0.201328125 0.381265625 0.20807812499999997 0.374515625 0.24820089296874998 0.35526339296875 0.253015625 0.3498046875 0.25622544609375 0.35141294609374996 0.29267095625 0.3491452203125 0.37198161796874996 0.34782628671875 0.39009375 0.356546875 0.403578125 0.36778125 0.42919999999999997 0.35834062499999997 0.42958482109374996 0.350765625 0.43793303593750005 0.35140625000000003 0.437740625 0.35519375000000003 0.44628125 0.352046875 0.4473989953125 0.3453125 0.42380245546874995 0.3453125 0.42123660703125 0.350125 0.4159369421875 0.3453125 0.41288839296875 0.34948437499999996 0.40807142890625 0.3453125 0.40454017890625 0.34884375 0.40020591484374995 0.3453125 0.3961919640625 0.348203125 0.3923404015625 0.3453125 0.38784375 0.3475625 0.38447488828125 0.3453125 0.3833515625 0.3509296875 0.376609375 0.3453125 0.28473988984375 0.3492771140625 0.26887775703125 0.34954090078125 0.26425 0.3475625 0.26094669140625004 0.34967279375000004 0.25610546875 0.34728125 0.24796093749999998 0.34700000000000003 0.24508455859375 0.34993658125 0.23981640624999997 0.34671875 0.23715349296875 0.35006847421875 0.23167187500000003 0.3464375 0.22922242656249997 0.35020036796875 0.22352734375 0.34615625 0.22129136015625 0.35033226093750003 0.2153828125 0.34587500000000004 0.21336029375 0.3504641546875 0.20723828125 0.34559375000000003 0.205429228125 0.35059604765625 0.19909375 0.3453125 0.19749816171875 0.35072794140624997 0.1895670953125 0.350859834375 0.191003125 0.3455375 0.18291249999999998 0.34576250000000003 0.18163602968749998 0.350991728125 0.17370496328125 0.35112362109375 0.174821875 0.3459875 0.16673125 0.3462125 0.165773896875 0.35125551484375 0.15784283125 0.3513874078125 0.158640625 0.3464375 0.15055000000000002 0.3466625 0.14991176484375 0.3515193015625 0.1419806984375 0.35165119453125004 0.142459375 0.3468875 0.13436874999999998 0.3471125 0.13404963203125 0.35178308828125 0.126278125 0.34733749999999997 0.1181875 0.3475625 0.1181875 0.352046875
50 0.17978125 0.417296875 0.11909375 0.5026875000000001 0.00225 0.57234375 0.006734374999999999 0.97234375 0.029218749999999998 0.97234375 0.9617968749999999 0.97909375 0.9955 0.940890625 1 0.52965625 0.8943749999999999 0.42403124999999997 0.8022500000000001 0.3993125 0.808984375 0.3993125 0.6809062499999999 0.352125 0.5123593750000001 0.33414062499999997 0.32584375 0.37459375 0.17978125 0.417296875
50 0.4 0.271234375 0.408984375 0.266734375 0.48989062499999997 0.28471875 0.5123593750000001 0.275734375 0.5528125 0.28696875 0.6853906249999999 0.251015625 0.786515625 0.217296875 0.793265625 0.18134375 0.831453125 0.165625 0.8494375 0.127421875 0.82696875 0.091453125 0.8045 0.093703125 0.786515625 0.053265625000000004 0.7505625 0.051015624999999995 0.714609375 0.046515625 0.687640625 0.019546875 0.660671875 0.0128125 0.615734375 0.026296874999999997 0.606734375 0.021796875 0.59775 0.028546875 0.5550625 0.03078125 0.503375 0.03303125 0.47865624999999995 0.026296874999999997 0.46517187499999996 0.03528125 0.4449375 0.03753125 0.43370312499999997 0.015062500000000001 0.42471875 0.039781250000000004 0.384265625 0.048765625 0.341578125 0.07573437499999999 0.310109375 0.068984375 0.27640625 0.093703125 0.25393750000000004 0.098203125 0.21573437499999998 0.145390625 0.2045 0.18584375 0.21798437499999998 0.192578125 0.211234375 0.17909375 0.24493749999999997 0.23303124999999997 0.296625 0.25775000000000003 0.35281250000000003 0.266734375 0.4 0.271234375
26 0.019015625 0.17015625 0 0.05903125 0.00146875 0.3215 0.02778125 0.308328125 0.034359375 0.29225 0.039484375 0.2849375 0.019015625 0.17015625
32 0.20410937499999998 0.376359375 0.139421875 0.36712500000000003 0.142890625 0.389078125 0.14865625 0.389078125 0.23529687500000002 0.416796875 0.2549375 0.40178125 0.20989062500000003 0.39831249999999996 0.20410937499999998 0.376359375
41 0.7815000000000001 0.32206250000000003 0.564375 0.2993125 0.279015625 0.26623437499999997 0.256265625 0.280703125 0.5250781250000001 0.32 0.5436875 0.32 0.764953125 0.340671875 0.7815000000000001 0.32206250000000003
21 0.17509375 0.160203125 0.177625 0.14925 0.13799999999999998 0.137453125 0.0874375 0.133234375 0.02 0.17453125 0.03096875 0.25796874999999997 0.159921875 0.1838125 0.17509375 0.160203125