18 1 0.31790625 0.9913437500000001 0.309484375 0.909546875 0.274609375 0.887890625 0.25896875 0.8542031250000001 0.242125 0.834953125 0.24693749999999998 0.8041982421875 0.24641015624999998 0.804875 0.238515625 0.778421875 0.23731249999999998 0.7767675781250001 0.3266337890625 0.72217578125 0.33956640625 0.7266874999999999 0.242125 0.715859375 0.23731249999999998 0.642484375 0.242125 0.620828125 0.27821875 0.619625 0.305875 0.61240625 0.316703125 0.60759375 0.331140625 0.6112031250000001 0.35159375000000004 0.62684375 0.357609375 0.6557031249999999 0.363625 0.674953125 0.38287499999999997 0.70021875 0.381671875 0.7030260421875 0.3784635421875 0.710565625 0.378784375 0.7118489578125 0.3752552078125 0.718746875 0.377340625 0.7206718750000001 0.372046875 0.7269281249999999 0.375896875 0.776015625 0.367234375 0.7766171875000001 0.33475390625 0.79675390625 0.33325 0.794046875 0.364828125 0.83375 0.369640625 0.934796875 0.372046875 0.9540468750000001 0.39009375 0.9769062500000001 0.3876875 0.994953125 0.37324999999999997 1 0.338359375 1 0.31790625
49 0.366375 0.317203125 0.366671875 0.3125 0.366671875 0.30662500000000004 0.36784374999999997 0.299875 0.371953125 0.29428125 0.381359375 0.293703125 0.3801875 0.290171875 0.37871875 0.286640625 0.375484375 0.28135937499999997 0.3701875 0.276953125 0.3643125 0.27371875 0.364609375 0.272546875 0.364609375 0.268140625 0.362265625 0.263140625 0.359328125 0.261671875 0.3525625 0.261671875 0.346390625 0.2643125 0.344921875 0.266671875 0.344046875 0.268140625 0.344046875 0.27282812500000003 0.344625 0.274890625 0.346390625 0.27665625 0.34903125 0.27959375 0.349328125 0.28253125 0.35343749999999996 0.282828125 0.3525625 0.28634375 0.34962499999999996 0.290765625 0.35021874999999997 0.293984375 0.353734375 0.295171875 0.35903125 0.299875 0.359609375 0.32103125 0.360796875 0.331015625 0.362265625 0.33278125 0.366671875 0.33278125 0.366671875 0.32601562500000003 0.366671875 0.32103125 0.366375 0.317203125
49 0.26545312499999996 0.294046875 0.28165625 0.294046875 0.30920312499999997 0.294046875 0.3140625 0.29081250000000003 0.30271875000000004 0.27784375 0.296234375 0.263265625 0.288140625 0.26003125 0.28328125000000004 0.26975 0.28328125000000004 0.27784375 0.2703125 0.285953125 0.26545312499999996 0.294046875
49 0.12882812500000002 0.2521875 0.12662500000000002 0.238234375 0.11782812499999999 0.228703125 0.10828125 0.244109375 0.11121875 0.25071875 0.10974999999999999 0.263921875 0.089953125 0.282265625 0.09215625 0.294734375 0.14790625 0.291578125 0.14790625 0.27859375000000003 0.12882812500000002 0.2521875
8 0.162640625 0.617109375 0.166859375 0.74521875 0.207296875 0.736796875 0.20056250000000003 0.6154531249999999 0.2528125 0.612078125 0.27978125 0.5733125 0.284828125 0.55478125 0.0033750000000000004 0.558140625 0 0.617109375 0.0705625 0.61609375 0.162640625 0.617109375
18 0.990171875 0.30878125 0.9976406250000001 0.31437499999999996 0.9982656249999999 0.263953125 0.9721249999999999 0.270796875 0.9509531250000001 0.273296875 0.9465937500000001 0.28512499999999996 0.9497031249999999 0.29259375 0.990171875 0.30878125
76 0.272984375 0.190140625 0.325171875 0.19634374999999998 0.32578125 0.21717187500000001 0.32578125 0.29295312500000004 0.33014062499999997 0.29171874999999997 0.33075 0.270890625 0.333234375 0.19571875 0.34815625 0.19571875 0.400953125 0.19759374999999998 0.446296875 0.194484375 0.44940625 0.192 0.413375 0.178328125 0.353125 0.154109375 0.350015625 0.154109375 0.343796875 0.14851562499999998 0.33571875 0.142921875 0.33014062499999997 0.13609374999999999 0.32578125 0.14540625000000001 0.319578125 0.149140625 0.30590625 0.153484375 0.21584374999999997 0.1814375 0.20465624999999998 0.18640625 0.216453125 0.18640625 0.272984375 0.190140625
76 0.123046875 0.19165625 0.129359375 0.2936875 0.13478125000000002 0.29278125 0.13296875 0.19524999999999998 0.18084375 0.19343749999999998 0.21154687499999997 0.19253125 0.238640625 0.191625 0.224203125 0.189828125 0.21154687499999997 0.189828125 0.20432812500000003 0.1853125 0.22509375 0.178984375 0.14651562499999998 0.151890625 0.13659375 0.142859375 0.132078125 0.13834375000000002 0.12484375 0.1374375 0.11581250000000001 0.14015625 0.1095 0.143796875 0.013750000000000002 0.17450000000000002 0.001109375 0.178109375 0.077875 0.188953125 0.123046875 0.19165625
76 0.4779375 0.158375 0.47646875 0.18625 0.471328125 0.2280625 0.47059375000000003 0.2390625 0.47720312500000006 0.24126562499999998 0.47353125 0.24860937500000002 0.47720312500000006 0.25960937500000003 0.4838125 0.26328125 0.491140625 0.267671875 0.49260937499999996 0.293359375 0.49554687499999994 0.292625 0.49775 0.269140625 0.5014062499999999 0.267671875 0.506546875 0.26034375 0.50875 0.251546875 0.509484375 0.178171875 0.508015625 0.179640625 0.508015625 0.15617187500000002 0.502875 0.14590625 0.4889375 0.143703125 0.4779375 0.158375
18 0.9823906250000001 0.236515625 0.9520625 0.239546875 0.94953125 0.270890625 0.973796875 0.270890625 0.9980781249999999 0.2633125 1 0.24865624999999997 0.9823906250000001 0.236515625
49 0.303953125 0.25684375 0.30070312499999996 0.255359375 0.296125 0.2541875 0.2916875 0.256546875 0.291984375 0.25979687500000004 0.29509375000000004 0.260390625 0.3005625 0.27414062499999997 0.303953125 0.2663125 0.305140625 0.25906250000000003 0.303953125 0.25684375
18 0.863296875 0.24621875000000001 0.876015625 0.2477083328125 0.876765625 0.25575000000000003 0.9132187500000001 0.277625 0.9199531249999999 0.269203125 0.920515625 0.2529375 0.905375 0.23500000000000001 0.8851718749999999 0.23162500000000003 0.8752656249999999 0.2396666671875 0.8745156250000001 0.23162500000000003 0.843109375 0.23162500000000003 0.8352499999999999 0.237796875 0.8369375 0.24453125 0.853765625 0.24284374999999997 0.863296875 0.24621875000000001
18 0.9508749999999999 0.22057812499999999 0.9506406249999999 0.23742187499999998 0.9857968749999999 0.23742187499999998 0.999953125 0.24695312500000002 0.9997031249999999 0.22034375 0.98359375 0.21715625 0.9508749999999999 0.22057812499999999