75 0.999578125 0.49715625 0.99603125 0.49834375 0.9321406250000001 0.49598437500000003 0.9309531249999999 0.639125 0.9983906250000001 0.653328125 0.999578125 0.49715625
24 0.295953125 0.668546875 0.34185937499999997 0.668546875 0.381421875 0.66696875 0.413078125 0.66696875 0.45421875 0.66696875 0.49379687499999997 0.6543125 0.572921875 0.643234375 0.621984375 0.6305625 0.6267343750000001 0.621078125 0.6330625000000001 0.594171875 0.6283125 0.5720156249999999 0.617234375 0.570421875 0.59665625 0.56409375 0.57134375 0.5514375 0.55709375 0.5514375 0.53178125 0.527703125 0.5254375 0.5118750000000001 0.520703125 0.5118750000000001 0.496953125 0.5134531250000001 0.46846875 0.5197812500000001 0.4368125 0.52453125 0.390921875 0.52928125 0.37509375 0.522953125 0.36717187500000004 0.5197812500000001 0.354515625 0.5197812500000001 0.3291875 0.5197812500000001 0.318109375 0.522953125 0.29279687499999996 0.535609375 0.28646875 0.535609375 0.23740624999999999 0.535609375 0.21365625000000002 0.535609375 0.177265625 0.545109375 0.177265625 0.55934375 0.15035937500000002 0.557765625 0.140859375 0.56884375 0.1424375 0.5799218749999999 0.15035937500000002 0.597328125 0.15984375 0.6115781250000001 0.1915 0.643234375 0.197828125 0.66221875 0.215234375 0.66696875 0.234234375 0.668546875 0.25796874999999997 0.668546875 0.295953125 0.668546875
22 0.7551875 0.59065625 0.7571041671875001 0.5979236109375 0.75459375 0.5985 0.7556536453125 0.6060217015625 0.754 0.60634375 0.754203125 0.6141197921875 0.75340625 0.6141875 0.75221875 0.629875 0.7513020828125 0.630315971875 0.751625 0.63771875 0.7498515625 0.6384140625 0.75103125 0.6455625 0.7484010421875 0.646512153125 0.7504375 0.65340625 0.7469505203125 0.65461024375 0.7498437499999999 0.66125 0.7455 0.6627083328125 0.7396979171875 0.6951006937499999 0.743328125 0.70040625 0.7396874999999999 0.70040625 0.736796875 0.711296875 0.7396874999999999 0.712015625 0.743328125 0.70403125 0.747809375 0.70795625 0.783921875 0.690265625 0.79190625 0.693890625 0.794328125 0.7004166671875 0.780296875 0.70403125 0.7902135421875001 0.7025885421875 0.79384375 0.7105677078125 0.7899739578125 0.7112864578125 0.789734375 0.719984375 0.793359375 0.72071875 0.831796875 0.71709375 0.8292578125000001 0.690265625 0.829862846875 0.6858298609375 0.8284114578124999 0.6813229171875 0.829379340625 0.6780138890625 0.8275651046875 0.6723802078125 0.8288958328125 0.6701979171875 0.8267187500000001 0.6634375 0.8284123265625001 0.66238194375 0.82309375 0.57640625 0.8151093749999999 0.5720625 0.818734375 0.56553125 0.8129375 0.5677187499999999 0.8071406250000001 0.56409375 0.7853749999999999 0.56409375 0.7716093749999999 0.562640625 0.76475 0.56678125 0.76290625 0.56553125 0.7614557296875 0.5736293406249999 0.756375 0.57496875 0.7600052078124999 0.58172743125 0.75578125 0.5828125 0.7585546875 0.5898255203125 0.7551875 0.59065625
24 0.99865625 0.8284062499999999 0.6567968750000001 0.8109999999999999 0.6014062499999999 0.80940625 0.563421875 0.839484375 0.51278125 0.768265625 0.447890625 0.722359375 0.438390625 0.709703125 0.4368125 0.690703125 0.40515625 0.6780468749999999 0.30070312499999996 0.673296875 0.0095 0.695453125 0.001578125 0.861640625 0.9955 0.8600625000000001 0.99865625 0.8284062499999999
49 0.54509375 0.52428125 0.543734375 0.534734375 0.5469062499999999 0.53790625 0.5541875 0.5351874999999999 0.562359375 0.520640625 0.56328125 0.540640625 0.561 0.544734375 0.5728125000000001 0.548359375 0.576 0.5542812500000001 0.576453125 0.558359375 0.581 0.564734375 0.6178125 0.575640625 0.622359375 0.569734375 0.6155468749999999 0.562453125 0.610546875 0.54609375 0.609640625 0.533828125 0.614625 0.516546875 0.624625 0.532 0.62871875 0.538375 0.63690625 0.539734375 0.643265625 0.5310937499999999 0.6400781249999999 0.5215468750000001 0.63371875 0.51246875 0.630078125 0.50428125 0.6273593749999999 0.5006406250000001 0.6228125 0.4951875 0.622359375 0.49246875 0.558734375 0.49109375 0.5532812500000001 0.493828125 0.553734375 0.49973437499999995 0.55009375 0.5101875 0.54509375 0.52428125
53 0.406828125 0.67334375 0.45354687499999996 0.67334375 0.46098437499999995 0.6723125 0.46140625 0.670453125 0.46098437499999995 0.667140625 0.459546875 0.6656875 0.456234375 0.665078125 0.45334375 0.665078125 0.44651562499999997 0.665078125 0.44403125 0.663828125 0.43968749999999995 0.663828125 0.43184374999999997 0.6634218749999999 0.42026562500000003 0.663625 0.41675000000000006 0.66465625 0.41446875 0.66590625 0.40951562499999994 0.66590625 0.399171875 0.665484375 0.39856250000000004 0.66734375 0.398765625 0.671484375 0.398765625 0.6716875 0.4020625 0.673140625 0.406828125 0.67334375
12 0.672140625 0.73534375 0.67715625 0.73065625 0.675890625 0.7212500000000001 0.65834375 0.717796875 0.6433125000000001 0.713421875 0.60853125 0.720625 0.590671875 0.725328125 0.58346875 0.73409375 0.58440625 0.73503125 0.6210625000000001 0.738796875 0.641125 0.7431875 0.660859375 0.738796875 0.672140625 0.73534375
12 0.58040625 0.748953125 0.640703125 0.7576875000000001 0.6874687500000001 0.748515625 0.68265625 0.73234375 0.640265625 0.744140625 0.60225 0.73540625 0.57734375 0.735828125 0.58040625 0.748953125
12 0.628484375 0.774765625 0.626046875 0.7684375 0.6189843749999999 0.7696562499999999 0.557109375 0.780375 0.5354375 0.777453125 0.5349375000000001 0.7849999999999999 0.557359375 0.789625 0.628484375 0.774765625
12 0.622484375 0.76690625 0.630390625 0.76625 0.6310625 0.77415625 0.6343593750000001 0.778125 0.6455625 0.77878125 0.6910624999999999 0.768234375 0.685125 0.749109375 0.6422656250000001 0.7603125000000001 0.604015625 0.755046875 0.606 0.759 0.614578125 0.7649375 0.622484375 0.76690625
12 0.63734375 0.783734375 0.636453125 0.77396875 0.5600625 0.7935156250000001 0.537859375 0.787296875 0.53253125 0.789953125 0.5591875 0.800609375 0.63734375 0.783734375
12 0.6067812499999999 0.764 0.60428125 0.76525 0.550390625 0.772140625 0.53471875 0.769015625 0.53534375 0.773703125 0.5466249999999999 0.77809375 0.6168125 0.770578125 0.6165 0.7658750000000001 0.6067812499999999 0.764
12 0.6950000000000001 0.746203125 0.6897656249999999 0.751015625 0.6893281250000001 0.757578125 0.6980625 0.7689375 0.739578125 0.7558281250000001 0.718609375 0.74490625 0.6950000000000001 0.746203125
51 0.8159375000000001 0.47665625 0.8343281250000001 0.486921875 0.8771093750000001 0.486484375 0.89121875 0.478796875 0.8955 0.47621874999999997 0.8771093750000001 0.47665625 0.878390625 0.459546875 0.878390625 0.45568749999999997 0.8736875 0.453984375 0.86896875 0.453125 0.8647031249999999 0.443296875 0.8771093750000001 0.443296875 0.8788125000000001 0.448421875 0.882234375 0.44457812499999994 0.8771093750000001 0.43859375 0.871109375 0.44029687500000003 0.8698281250000001 0.43174999999999997 0.864265625 0.430453125 0.8608437500000001 0.42703125000000003 0.8672656249999999 0.4261875 0.8749687500000001 0.4180625 0.868125 0.4125 0.8771093750000001 0.40821874999999996 0.886078125 0.403515625 0.8736875 0.39837500000000003 0.877953125 0.381703125 0.877953125 0.37870312500000003 0.8749687500000001 0.37784375 0.8625624999999999 0.385984375 0.857859375 0.38854687499999996 0.8587031250000001 0.39837500000000003 0.8595625 0.40179687499999994 0.8518593750000001 0.3988125 0.8501562500000001 0.397953125 0.839890625 0.39753125 0.8351875 0.40607812499999996 0.833046875 0.42190625 0.836890625 0.42575 0.8283437499999999 0.42703125000000003 0.8244999999999999 0.43131250000000004 0.82578125 0.4343125 0.828765625 0.44071875 0.835609375 0.44201562499999997 0.8219218749999999 0.448421875 0.8266249999999999 0.457828125 0.82534375 0.456125 0.8313437499999999 0.47279687499999995 0.83090625 0.474515625 0.824921875 0.47707812499999996 0.8159375000000001 0.47665625
27 0.6716562500000001 0.7112812500000001 0.7712656250000001 0.696421875 0.813640625 0.6898125 0.812546875 0.786125 0.812546875 0.82025 0.82190625 0.82025 0.826296875 0.69090625 0.8274062499999999 0.6716562500000001 0.813640625 0.668890625 0.813640625 0.6755 0.65128125 0.645234375 0.6171562500000001 0.67440625 0.573140625 0.676609375 0.56378125 0.674953125 0.555515625 0.7046718750000001 0.521953125 0.717328125 0.518640625 0.7398906249999999 0.51809375 0.742640625 0.5197499999999999 0.781171875 0.5346093749999999 0.7976875 0.53240625 0.731640625 0.6716562500000001 0.7112812500000001
22 0.8296093750000001 0.7125625 0.833421875 0.722125 0.8410781249999999 0.67815625 0.856359375 0.6800625 0.854453125 0.739328125 0.8640156250000001 0.73740625 0.8659218750000001 0.65903125 0.8754843749999999 0.64565625 0.883125 0.641828125 0.8850312499999999 0.58640625 0.883125 0.573015625 0.821953125 0.565375 0.8296093750000001 0.569203125 0.833421875 0.6475625 0.8296093750000001 0.7125625