51 0.650984375 0.5155937500000001 0.6686875 0.5295 0.6914374999999999 0.514328125 0.7103906249999999 0.508 0.71671875 0.49031250000000004 0.72303125 0.45112500000000005 0.740734375 0.447328125 0.7521093750000001 0.447328125 0.7761250000000001 0.43721875 0.774859375 0.413203125 0.7710625 0.38665625000000003 0.76221875 0.362640625 0.743265625 0.337359375 0.7306250000000001 0.33609374999999997 0.721765625 0.31460937499999997 0.7141875 0.30196875 0.692703125 0.3108125 0.6699375 0.34368750000000003 0.66615625 0.3664375 0.664890625 0.374015625 0.66109375 0.342421875 0.65225 0.315875 0.62696875 0.30828125 0.6016874999999999 0.31840625 0.596625 0.32218749999999996 0.581453125 0.31965625000000003 0.570078125 0.328515625 0.5738749999999999 0.338625 0.5953593749999999 0.351265625 0.605484375 0.35884375 0.620640625 0.37021875 0.6345468750000001 0.3778125 0.637078125 0.3778125 0.6408750000000001 0.43090624999999994 0.6446562499999999 0.47134375000000006 0.64971875 0.497890625 0.650984375 0.5155937500000001
51 0.3610625 0.373484375 0.359125 0.382578125 0.372109375 0.38778125 0.376015625 0.382578125 0.388359375 0.374125 0.390953125 0.366328125 0.39940625 0.35528125 0.398109375 0.348140625 0.397453125 0.34034375 0.390953125 0.3299375 0.38315625 0.32409374999999996 0.37471875 0.326703125 0.360421875 0.335140625 0.360421875 0.34034375 0.35521875 0.35139062499999996 0.35196875 0.36503125000000003 0.34871875 0.370234375 0.35196875 0.36893750000000003 0.3610625 0.373484375
51 0.39728125 0.3103125 0.394765625 0.32796875000000003 0.40359375000000003 0.343109375 0.46539062500000006 0.333015625 0.464125 0.319140625 0.461609375 0.293921875 0.455296875 0.27121875 0.45025000000000004 0.245984375 0.462859375 0.220765625 0.43512500000000004 0.220765625 0.38971875 0.220765625 0.382140625 0.24095312500000002 0.396015625 0.266171875 0.419984375 0.28634375 0.41871875000000003 0.288875 0.392234375 0.291390625 0.39728125 0.3103125
13 0.77140625 0.440640625 0.74746875 0.526734375 0.730703125 0.644859375 0.74428125 0.6679999999999999 0.780984375 0.683953125 0.8113125 0.675984375 0.8169062500000001 0.670390625 0.8137187499999999 0.667203125 0.7945625 0.6464531250000001 0.78896875 0.6129374999999999 0.8081250000000001 0.5626562500000001 0.8448437500000001 0.565046875 0.85521875 0.49321875000000004 0.8360625 0.393453125 0.8416406249999999 0.37110937499999996 0.8057343749999999 0.36712500000000003 0.80334375 0.3688125 0.80253125 0.396734375 0.77140625 0.440640625
13 0.09132812500000001 0.629046875 0.09132812500000001 0.62978125 0.11556249999999998 0.6165468749999999 0.139796875 0.609203125 0.16109374999999998 0.607 0.18165625000000002 0.610671875 0.18753124999999998 0.62021875 0.189 0.636390625 0.19634374999999998 0.66796875 0.20221874999999997 0.674578125 0.208828125 0.651078125 0.201484375 0.63859375 0.19046875000000002 0.557796875 0.13539062500000001 0.48949999999999994 0.12584375 0.42932812499999995 0.122171875 0.403625 0.08545312499999999 0.408765625 0.08471875 0.42859375 0.08692187500000001 0.428546875 0.09646875 0.47260937500000005 0.100875 0.513 0.0803125 0.5724843749999999 0.09132812500000001 0.629046875
27 0.9962031250000001 0.772875 0.993578125 0.758421875 0.8200937500000001 0.528421875 0.391640625 0.51659375 0.084109375 0.524484375 0.02759375 0.51265625 0.009203125 0.532359375 0.0013124999999999999 0.772875 0.9962031250000001 0.772875
49 0.39854687499999997 0.490671875 0.41745312500000004 0.44526562500000005 0.412421875 0.5057968749999999 0.466640625 0.50328125 0.510796875 0.525984375 0.546109375 0.52471875 0.547359375 0.529765625 0.565015625 0.541109375 0.58646875 0.53859375 0.58646875 0.523453125 0.63690625 0.525984375 0.6432187500000001 0.51840625 0.648265625 0.49571875 0.6432187500000001 0.46039062499999994 0.645734375 0.420046875 0.634390625 0.374640625 0.616734375 0.368328125 0.57384375 0.34940625000000003 0.5826718750000001 0.304015625 0.599078125 0.262390625 0.58771875 0.220765625 0.46034375 0.22203124999999999 0.44646875 0.2535625 0.45025000000000004 0.27878125 0.466640625 0.33553125 0.43637499999999996 0.339328125 0.40737500000000004 0.34184375 0.3859375 0.35950000000000004 0.38340625 0.399859375 0.378359375 0.430125 0.35565625 0.4654375 0.34053125 0.4931875 0.317828125 0.490671875 0.303953125 0.498234375 0.29512499999999997 0.51084375 0.30017187500000003 0.5335468750000001 0.325390625 0.541109375 0.3443125 0.525984375 0.36196875 0.515890625 0.39854687499999997 0.490671875
78 0.3145 0.49362500000000004 0.315328125 0.470234375 0.30696875 0.445984375 0.282734375 0.4443125 0.25765625000000003 0.45099999999999996 0.25598437500000004 0.47357812499999996 0.25598437500000004 0.49195312500000005 0.26434375 0.498640625 0.278546875 0.49948437500000004 0.28690625000000003 0.505328125 0.29109375000000004 0.554640625 0.29276562500000003 0.565515625 0.311984375 0.561328125 0.30696875 0.558828125 0.306140625 0.545453125 0.29693749999999997 0.5396093750000001 0.29693749999999997 0.512859375 0.3145 0.49362500000000004
26 0.29003125 0.6310156250000001 0.300015625 0.618328125 0.28912499999999997 0.506859375 0.2800625 0.500515625 0.26556250000000003 0.498703125 0.25196874999999996 0.498703125 0.24109375000000002 0.502328125 0.223875 0.510484375 0.22115625 0.512296875 0.23384375 0.581171875 0.242 0.619234375 0.2438125 0.633734375 0.29003125 0.6310156250000001
32 0.7104375 0.57134375 0.7344062499999999 0.575328125 0.722421875 0.5608125 0.70790625 0.54484375 0.6817656249999999 0.518703125 0.675953125 0.5230625 0.69809375 0.544109375 0.7068125000000001 0.553546875 0.70790625 0.5666249999999999 0.7104375 0.57134375
32 0.335078125 0.68396875 0.35078125 0.699671875 0.3874375 0.6944375 0.379578125 0.691828125 0.335078125 0.668265625 0.324609375 0.6577968750000001 0.298421875 0.644703125 0.27225 0.6368437499999999 0.246078125 0.626375 0.230359375 0.61853125 0.222515625 0.621140625 0.230359375 0.642078125 0.230359375 0.634234375 0.277484375 0.647328125 0.298421875 0.6577968750000001 0.321984375 0.665640625 0.335078125 0.68396875
41 0.726 0.56240625 0.7385937499999999 0.5782812500000001 0.74046875 0.57175 0.73159375 0.560078125 0.721328125 0.551671875 0.7091875 0.535328125 0.696109375 0.52225 0.690046875 0.5213281249999999 0.7003125 0.5376562500000001 0.71571875 0.549796875 0.726 0.56240625
61 0.31346875 0.65425 0.32614062499999996 0.666921875 0.33246875 0.6816875 0.34354687500000003 0.688546875 0.3699375 0.6911875000000001 0.38525 0.6932968749999999 0.37996875 0.6896093750000001 0.358328125 0.68803125 0.345140625 0.680640625 0.330890625 0.670609375 0.32878124999999997 0.661109375 0.321390625 0.652140625 0.30290625000000004 0.641046875 0.27653125 0.6305 0.26015625 0.62153125 0.244328125 0.613609375 0.24275000000000002 0.61096875 0.234828125 0.61571875 0.23640625 0.6199375 0.23640625 0.618359375 0.252765625 0.6294375 0.277046875 0.6373593750000001 0.2986875 0.64528125 0.31346875 0.65425
78 0.780875 0.7415468749999999 0.792796875 0.7508125 0.8099999999999999 0.75875 0.8364687500000001 0.7600781249999999 0.8536718750000001 0.753453125 0.8563281249999999 0.7349218750000001 0.8444062499999999 0.72434375 0.8272031249999999 0.71375 0.8338281249999999 0.6753750000000001 0.8735312499999999 0.663453125 0.8960312500000001 0.6316875 0.8960312500000001 0.59065625 0.884125 0.57478125 0.8563281249999999 0.565515625 0.8179375 0.5641875 0.80603125 0.572125 0.79940625 0.580078125 0.788828125 0.62771875 0.8139687500000001 0.6608125 0.80603125 0.704484375 0.7875 0.71375 0.778234375 0.723015625 0.780875 0.7415468749999999
26 0.120078125 0.6131249999999999 0.099859375 0.625765625 0.091015625 0.642203125 0.125140625 0.7711406249999999 0.18834375 0.77240625 0.21109375 0.7711406249999999 0.21109375 0.7496562499999999 0.192140625 0.62071875 0.190875 0.61565625 0.161796875 0.605546875 0.120078125 0.6131249999999999
22 0.4515859375 0.291734375 0.39290625 0.2885625 0.39834375 0.348375 0.46540625 0.34021875 0.45960625000000005 0.30324375 0.46608593750000005 0.294396484375 0.5786875 0.29943749999999997 0.58503125 0.30034375 0.57814375 0.30795625000000004 0.57596875 0.34203125 0.5859375 0.33206250000000004 0.608609375 0.34021875 0.615859375 0.3175625 0.645765625 0.32571875 0.643953125 0.37374999999999997 0.672046875 0.37465625 0.686546875 0.29853125 0.5934908859375 0.3001927078125 0.45996875 0.2921875 0.45815625000000004 0.294 0.4515859375 0.291734375
22 0.170078125 0.49415624999999996 0.17084375000000002 0.5255468750000001 0.196875 0.52478125 0.22214062499999998 0.530140625 0.2183125 0.50946875 0.24434375 0.502578125 0.26042187499999997 0.49645312500000005 0.252 0.47578125 0.258125 0.456640625 0.263484375 0.44439062500000004 0.28721874999999997 0.44132812499999996 0.303296875 0.4466875 0.31478125 0.465828125 0.31325 0.4895625 0.32090625 0.48803124999999997 0.338515625 0.490328125 0.3461875 0.48726562500000004 0.3584375 0.456640625 0.379875 0.42907812500000003 0.38140625 0.40685937499999997 0.38293750000000004 0.383125 0.28721874999999997 0.391546875 0.18921875 0.39001562500000003 0.171609375 0.386953125 0.171609375 0.416046875 0.1754375 0.462765625 0.140984375 0.481140625 0.154765625 0.508703125 0.159359375 0.49645312500000005 0.170078125 0.49415624999999996
32 0.244125 0.749984375 0.231734375 0.7480781249999999 0.22743750000000001 0.74903125 0.20790625000000001 0.78125 0.23840625000000001 0.78125 0.251265625 0.75284375 0.244125 0.749984375
41 0.24098437499999997 0.7800625 0.26515625 0.7800625 0.270625 0.7595468750000001 0.268796875 0.7463124999999999 0.26196875 0.7367343749999999 0.24098437499999997 0.7800625
15 0.609328125 0.5918281249999999 0.614734375 0.5877656250000001 0.606625 0.5843906249999999 0.598734375 0.5839375 0.590609375 0.5850625 0.58903125 0.589796875 0.593546875 0.5954375 0.594671875 0.59565625 0.5985 0.5954375 0.609328125 0.5918281249999999
15 0.581 0.6013124999999999 0.58278125 0.59240625 0.587359375 0.57559375 0.585578125 0.571 0.578953125 0.578390625 0.574890625 0.58271875 0.5629062499999999 0.59775 0.570296875 0.6155781250000001 0.572078125 0.6143125 0.577171875 0.610484375 0.581 0.6013124999999999
22 0.9127812499999999 0.37120312499999997 0.91228125 0.379921875 0.91484375 0.378390625 0.9389375 0.36146875 0.946125 0.37684375000000003 0.9615 0.3753125 0.9645781250000001 0.31890625 0.9389375 0.317875 0.9389375 0.3153125 0.9215 0.3153125 0.91996875 0.308140625 0.9015000000000001 0.307625 0.89996875 0.3055625 0.8907343750000001 0.373265625 0.8927968749999999 0.37275 0.9117656249999999 0.35735937500000003 0.9127812499999999 0.37120312499999997
22 0 0.44985937500000006 0.0060625 0.4650625 0.010906250000000001 0.48096875 0.0033125000000000003 0.51690625 0.012296875 0.5217343750000001 0.030265625 0.5238125 0.0516875 0.526578125 0.09867187499999999 0.503078125 0.097296875 0.47128125 0.091078125 0.4415625 0.085546875 0.41460937500000006 0.09315625 0.41115625 0.121484375 0.407015625 0.12562500000000001 0.431203125 0.133234375 0.46645312499999997 0.138078125 0.48096875 0.17470312500000001 0.45884375000000005 0.16503125000000002 0.455390625 0.162265625 0.378671875 0.158109375 0.378671875 0.113890625 0.382140625 0 0.382140625 0 0.44985937500000006
51 0.3491875 0.39115625 0.36671875 0.3195625 0.398859375 0.291796875 0.38279687500000004 0.23628125 0.18846875000000002 0.2260625 0.15632812499999998 0.261125 0.168015625 0.31809375 0.17385937499999998 0.38092187499999997 0.17678125 0.39553125 0.23523437500000002 0.397 0.3491875 0.39115625
51 0.177140625 0.459015625 0.17093750000000002 0.39490625 0.175078125 0.3859375 0.15784375 0.2680625 0.1909375 0.22946875000000003 0.1909375 0.21875 0.020671875 0.22189062499999998 0.026875 0.23981249999999998 0.010328125 0.24670312499999997 0.001375 0.25565625000000003 0 0.38456250000000003 0.026875 0.3831875 0.137859375 0.3818125 0.16473437500000002 0.377671875 0.166125 0.459015625 0.177140625 0.459015625
15 0.462328125 0.573390625 0.455375 0.567984375 0.44070312500000003 0.571078125 0.44070312500000003 0.57803125 0.44571875 0.5842031249999999 0.4530625 0.58921875 0.455375 0.593078125 0.45729687500000005 0.593859375 0.46464062500000003 0.588453125 0.46503125 0.5834374999999999 0.462328125 0.573390625