75 0.60240625 0.44554687499999995 0.594125 0.307703125 0.395625 0.31734375 0.390109375 0.31459375 0.40528125 0.45106250000000003 0.60240625 0.44554687499999995
13 0.6368437499999999 0.465125 0.6345156249999999 0.42134375 0.63171875 0.41015625 0.633109375 0.407828125 0.626125 0.39990625 0.618203125 0.40037500000000004 0.6158750000000001 0.408296875 0.61215625 0.410625 0.61121875 0.41389062499999996 0.5842031249999999 0.431578125 0.5781562499999999 0.42739062499999997 0.57209375 0.432515625 0.574890625 0.436234375 0.57721875 0.43764062499999995 0.6079687500000001 0.41900000000000004 0.609359375 0.418546875 0.609359375 0.424125 0.61121875 0.46604687499999997 0.615421875 0.47164062500000004 0.62753125 0.47164062500000004 0.6368437499999999 0.465125
7 0.65371875 0.749828125 0.65671875 0.748328125 0.649234375 0.686984375 0.6701718750000001 0.6600625 0.7030937500000001 0.6615624999999999 0.686640625 0.630140625 0.65821875 0.6121875 0.63128125 0.60321875 0.604359375 0.5822812500000001 0.5624687500000001 0.5703125 0.49215625 0.546375 0.442796875 0.5254375 0.43382812499999995 0.49701562499999996 0.385953125 0.51346875 0.442796875 0.5718125 0.44429687500000004 0.60621875 0.43382812499999995 0.642109375 0.387453125 0.6540781250000001 0.365015625 0.6585625 0.3455625 0.630140625 0.324625 0.600234375 0.31115624999999997 0.607703125 0.28871875 0.639125 0.270765625 0.642109375 0.23335937499999998 0.637625 0.2049375 0.622671875 0.24234375 0.5703125 0.24384375 0.5643281250000001 0.224390625 0.5688125 0.17053125 0.598734375 0.1121875 0.618171875 0.12565625 0.6585625 0.12267187500000001 0.6765156250000001 0.076296875 0.69596875 0.017953125 0.7094375 0.0015 0.710921875 0.002984375 0.826109375 0.47421875 0.826109375 0.568453125 0.8231249999999999 0.604359375 0.77675 0.613328125 0.7543124999999999 0.640265625 0.748328125 0.65371875 0.749828125
12 0.6756875 0.39079687500000004 0.69021875 0.378625 0.6878437500000001 0.3774375 0.6709375 0.388125 0.6709375 0.3916875 0.6724218750000001 0.446 0.6756875 0.443328125 0.675390625 0.438875 0.6756875 0.39079687500000004
12 0.686796875 0.393015625 0.70415625 0.37846875 0.6971093749999999 0.37706249999999997 0.678359375 0.388328125 0.679765625 0.43896875 0.6896093750000001 0.43990625000000005 0.686796875 0.393015625
12 0.651515625 0.448546875 0.6505 0.44039062500000004 0.652734375 0.43814062500000006 0.6529375 0.41446875 0.65315625 0.404453125 0.654984375 0.385265625 0.66478125 0.37629687500000003 0.66478125 0.36771875 0.6635625 0.365875 0.66253125 0.368125 0.65315625 0.36893750000000003 0.65171875 0.366703125 0.63825 0.37915625 0.639875 0.44834375 0.651515625 0.448546875
12 0.6626562500000001 0.39079687500000004 0.6709375 0.37696874999999996 0.66540625 0.37421875 0.65546875 0.38471875 0.65325 0.44328124999999996 0.66209375 0.44328124999999996 0.6626562500000001 0.39079687500000004
12 0.704890625 0.40112500000000006 0.7193906250000001 0.388671875 0.718984375 0.38621875 0.712046875 0.385203125 0.695296875 0.39703125 0.69346875 0.443578125 0.702453125 0.447859375 0.704890625 0.40112500000000006
12 0.70921875 0.44985937500000006 0.70921875 0.41803125 0.7171875 0.4125 0.71765625 0.4038125 0.720796875 0.39826562499999996 0.7263437500000001 0.3936875 0.7273125 0.391515625 0.71934375 0.38887499999999997 0.704890625 0.40164062500000003 0.703203125 0.4479375 0.70921875 0.44985937500000006
36 0.42393749999999997 0.5990624999999999 0.43628125000000006 0.582171875 0.43823437500000006 0.57371875 0.44214062500000006 0.56396875 0.420046875 0.550328125 0.395359375 0.526296875 0.377171875 0.511359375 0.36871875 0.51784375 0.33428125 0.557484375 0.314796875 0.575015625 0.321296875 0.584765625 0.348578125 0.6438906249999999 0.35896875 0.661421875 0.38301562499999997 0.6529843750000001 0.42393749999999997 0.5990624999999999
53 0.25853125 0.71275 0.25575000000000003 0.70759375 0.252578125 0.70403125 0.23634375 0.70759375 0.197109375 0.71275 0.189984375 0.7325468749999999 0.252984375 0.7194843750000001 0.25853125 0.71275
12 0.671921875 0.37928125 0.663703125 0.387484375 0.662796875 0.443140625 0.67009375 0.443140625 0.671921875 0.39021875 0.676484375 0.377453125 0.671921875 0.37928125
12 0.63628125 0.44820312500000004 0.639296875 0.447203125 0.638296875 0.434125 0.638625 0.420703125 0.638625 0.377765625 0.6540625 0.36534374999999997 0.655734375 0.368359375 0.655734375 0.3666875 0.65540625 0.349921875 0.6517031249999999 0.35025 0.646 0.353609375 0.63125 0.364671875 0.63125 0.3676875 0.630578125 0.40560937499999994 0.631921875 0.41968750000000005 0.6349375 0.420703125 0.63628125 0.44820312500000004
12 0.7130468750000001 0.38264062499999996 0.7034687500000001 0.379859375 0.6868125 0.393125 0.687421875 0.43943750000000004 0.69328125 0.44529687500000004 0.695140625 0.399609375 0.7130468750000001 0.38264062499999996
12 0.71946875 0.442703125 0.71946875 0.438390625 0.717734375 0.41212499999999996 0.709125 0.41771874999999997 0.708703125 0.450015625 0.710859375 0.44959375 0.7142968749999999 0.447859375 0.71946875 0.442703125
12 0.31267187500000004 0.5895312500000001 0.31071875000000004 0.5875781250000001 0.266984375 0.569953125 0.250671875 0.564078125 0.204984375 0.61825 0.206953125 0.620203125 0.27090625 0.6463125 0.31267187500000004 0.5895312500000001
12 0.6777031250000001 0.437 0.6804375 0.435640625 0.681125 0.390921875 0.701265625 0.377265625 0.6988749999999999 0.3755625 0.6780468749999999 0.38921875 0.6759999999999999 0.389890625 0.674296875 0.43803125 0.6777031250000001 0.437
53 0.40128125 0.703984375 0.411453125 0.696109375 0.4150625 0.6872499999999999 0.41079687500000006 0.68428125 0.40554687500000003 0.684609375 0.400296875 0.684609375 0.397015625 0.6872499999999999 0.395046875 0.6908593749999999 0.37928125 0.71021875 0.373375 0.7128593750000001 0.368765625 0.7207343749999999 0.36712500000000003 0.72434375 0.37271875 0.729265625 0.38125 0.7289375 0.385515625 0.7289375 0.40128125 0.703984375
12 0.37009375 0.684390625 0.36590625 0.674640625 0.36171875 0.667953125 0.27726562499999996 0.699171875 0.26946875000000003 0.69609375 0.26221875 0.70753125 0.260828125 0.7131093749999999 0.360890625 0.733453125 0.368140625 0.7167343749999999 0.371765625 0.69778125 0.37009375 0.684390625