18 0.35909375 0.858625 0.362921875 0.8891875 0.37820312500000003 0.8910937499999999 0.40112500000000006 0.8910937499999999 0.40685937499999997 0.8968281250000001 0.41640625 0.914015625 0.427859375 0.914015625 0.43359375 0.914015625 0.496625 0.9082812499999999 0.546296875 0.9082812499999999 0.5787656250000001 0.9082812499999999 0.597859375 0.910203125 0.618875 0.914015625 0.641796875 0.91784375 0.687640625 0.9025624999999999 0.70865625 0.8891875 0.693375 0.8547968750000001 0.68190625 0.852890625 0.657078125 0.8433437500000001 0.607421875 0.8433437500000001 0.571125 0.8051406249999999 0.565390625 0.8051406249999999 0.504265625 0.79940625 0.45270312500000004 0.8051406249999999 0.42595312500000004 0.79940625 0.38775 0.8013125000000001 0.374375 0.8051406249999999 0.353375 0.81659375 0.33999999999999997 0.8414375 0.33999999999999997 0.858625 0.34573437500000004 0.858625 0.35909375 0.858625
18 0.598421875 0.777328125 0.6036875 0.7792343749999999 0.6089375 0.77828125 0.6192031250000001 0.7801875 0.634484375 0.781390625 0.639734375 0.770640625 0.633421875 0.76678125 0.6301249999999999 0.761296875 0.621359375 0.7585625 0.613671875 0.756359375 0.6081875 0.756921875 0.601609375 0.759109375 0.598859375 0.760203125 0.59503125 0.765140625 0.5944843750000001 0.77171875 0.595078125 0.774453125 0.595078125 0.774703125 0.598421875 0.777328125
18 0.5806875 0.752875 0.5798125 0.757 0.5765625 0.760140625 0.5731875 0.765578125 0.573734375 0.774484375 0.5806875 0.77534375 0.5818749999999999 0.77371875 0.59534375 0.7723125 0.596640625 0.76590625 0.597953125 0.7637343750000001 0.600234375 0.760578125 0.600125 0.756890625 0.59859375 0.75546875 0.594578125 0.7524375 0.5806875 0.752875
49 0.40685937499999997 0.784640625 0.408640625 0.7734375 0.3995 0.7657812500000001 0.400390625 0.7601875 0.3974375 0.7581249999999999 0.39449999999999996 0.759296875 0.3933125 0.766375 0.384765625 0.772859375 0.38359375 0.781390625 0.38801562500000003 0.788765625 0.38742187499999997 0.795546875 0.403328125 0.795828125 0.403625 0.792890625 0.40685937499999997 0.784640625
18 0.49015624999999996 0.7525625 0.490234375 0.7565937500000001 0.490234375 0.7588125 0.491875 0.7595156249999999 0.49182812499999995 0.762 0.492765625 0.76296875 0.493640625 0.762171875 0.49334375 0.75978125 0.49368749999999995 0.7596875 0.497453125 0.7596875 0.497359375 0.76096875 0.497453125 0.76309375 0.498421875 0.76296875 0.49890625 0.762390625 0.499046875 0.7597343750000001 0.49971875 0.75828125 0.49945312499999994 0.755015625 0.5004062499999999 0.754234375 0.500234375 0.753625 0.499109375 0.7539687500000001 0.498171875 0.7517343750000001 0.495328125 0.7518281250000001 0.49554687499999994 0.75178125 0.490203125 0.7516875 0.49015624999999996 0.7525625
18 0.4755625 0.75840625 0.4755625 0.76046875 0.47657812499999996 0.7616562499999999 0.479671875 0.760296875 0.482578125 0.760296875 0.485140625 0.760296875 0.486859375 0.7580625000000001 0.4880625 0.756359375 0.4880625 0.7555 0.487375 0.7548125 0.48634374999999996 0.753453125 0.48565625 0.753109375 0.48531250000000004 0.753796875 0.478125 0.753625 0.47692187500000005 0.7546406250000001 0.4755625 0.756875 0.4755625 0.75840625
18 0.434578125 0.741234375 0.427453125 0.7406875 0.42415624999999996 0.758796875 0.44609375 0.758796875 0.44775 0.746171875 0.434578125 0.741234375
23 0.66796875 0.7227187500000001 0.66865625 0.7320156250000001 0.674 0.7288281249999999 0.670640625 0.725125 0.6777031250000001 0.72340625 0.6779531249999999 0.718484375 0.67528125 0.71375 0.6734843749999999 0.713671875 0.669171875 0.719609375 0.665640625 0.712375 0.6615 0.7154843750000001 0.660046875 0.71796875 0.664515625 0.7221093749999999 0.6663281249999999 0.72090625 0.66796875 0.7227187500000001
49 0.42925 0.769328125 0.42603125000000003 0.7653125000000001 0.424265625 0.7637031249999999 0.423453125 0.760484375 0.4225 0.75953125 0.42056250000000006 0.7596875 0.4194375 0.7635468750000001 0.41928124999999994 0.76659375 0.416390625 0.7686875 0.41398437499999996 0.771578125 0.41332812499999994 0.7765625 0.413171875 0.781390625 0.414625 0.78653125 0.416234375 0.7890937499999999 0.41735937500000003 0.788453125 0.42989062499999997 0.7866875 0.431171875 0.783640625 0.431015625 0.77446875 0.42925 0.769328125
49 0.43156249999999996 0.7863749999999999 0.437109375 0.7916562500000001 0.44609375 0.791390625 0.44820312500000004 0.77 0.44503125 0.762609375 0.442390625 0.757859375 0.43790625 0.759171875 0.43659375 0.762609375 0.437109375 0.7673593750000001 0.432359375 0.770796875 0.43025 0.77528125 0.43156249999999996 0.7863749999999999
18 0.452359375 0.77828125 0.454078125 0.781140625 0.45903124999999995 0.780765625 0.4609375 0.773890625 0.456359375 0.76090625 0.45292187500000003 0.759203125 0.43918749999999995 0.759 0.43574999999999997 0.766640625 0.427734375 0.759390625 0.42639062499999997 0.7620625000000001 0.4286875 0.76759375 0.45178124999999997 0.7716093749999999 0.452359375 0.77828125
18 0.4658125 0.761390625 0.46606249999999994 0.7592187499999999 0.46606249999999994 0.7565625 0.465328125 0.755109375 0.46484375 0.7531875 0.46315625000000005 0.752453125 0.45978125 0.752453125 0.458328125 0.753421875 0.45809375 0.755359375 0.45809375 0.7592187499999999 0.45809375 0.761390625 0.45906250000000004 0.761625 0.46098437499999995 0.761625 0.463890625 0.762109375 0.46484375 0.76259375 0.4658125 0.761390625