75 0.337515625 0.5761406250000001 0.324953125 0.5211875 0.26059375 0.53846875 0.26059375 0.54159375 0.26687500000000003 0.6342187499999999 0.32809374999999996 0.6012500000000001 0.32809374999999996 0.582421875 0.337515625 0.5761406250000001
22 0.15540625 0.597546875 0.140515625 0.6074843750000001 0.156828125 0.74790625 0.16746875 0.78975 0.173140625 0.8301718749999999 0.22065625 0.83159375 0.3419375 0.796125 0.345484375 0.8088906250000001 0.361796875 0.8060625 0.370296875 0.7748437499999999 0.36462500000000003 0.72378125 0.358953125 0.669171875 0.345484375 0.6635 0.325625 0.625921875 0.235546875 0.6450625 0.224203125 0.6422343749999999 0.21215625 0.6131562500000001 0.18875 0.588328125 0.183078125 0.58478125 0.163921875 0.585484375 0.15540625 0.597546875
22 0.500453125 0.606 0.50646875 0.612609375 0.514875 0.6138125 0.516078125 0.612 0.5130625 0.601203125 0.51246875 0.59159375 0.513671875 0.5831875 0.519671875 0.58378125 0.517875 0.596390625 0.522671875 0.609 0.5250781250000001 0.6072031250000001 0.527484375 0.609609375 0.527484375 0.6150156250000001 0.53409375 0.62821875 0.546703125 0.630625 0.54790625 0.640828125 0.558109375 0.6420312499999999 0.56471875 0.636625 0.5605156250000001 0.607796875 0.570125 0.604203125 0.577328125 0.60240625 0.574328125 0.584984375 0.5797343749999999 0.5801875 0.5845312500000001 0.57596875 0.585125 0.5687656249999999 0.588734375 0.526734375 0.5767187500000001 0.524328125 0.567109375 0.5309375000000001 0.55690625 0.53334375 0.5515 0.527328125 0.522078125 0.527328125 0.52146875 0.545953125 0.519078125 0.557359375 0.514265625 0.5585625000000001 0.508859375 0.560359375 0.483046875 0.5663750000000001 0.48184375 0.571765625 0.48484375 0.575375 0.486046875 0.579578125 0.48364062499999994 0.603 0.486046875 0.6072031250000001 0.49325 0.609609375 0.500453125 0.606
49 0.39946875 0.52815625 0.39709374999999997 0.536171875 0.39828125000000003 0.5465625000000001 0.40540624999999997 0.56496875 0.40629687499999995 0.5667500000000001 0.411046875 0.5670468750000001 0.41253124999999996 0.5670468750000001 0.41342187499999994 0.5605156250000001 0.41342187499999994 0.546859375 0.41965624999999995 0.55665625 0.4214375 0.5711875 0.42321875000000003 0.57475 0.427671875 0.58840625 0.42885937500000004 0.58840625 0.43004687500000005 0.585734375 0.430640625 0.578015625 0.43004687500000005 0.5682343750000001 0.430640625 0.54834375 0.430640625 0.54003125 0.432125 0.534984375 0.43390625 0.530234375 0.435984375 0.5213281249999999 0.43390625 0.51746875 0.43004687500000005 0.5133125 0.424109375 0.51271875 0.41846875 0.51509375 0.402734375 0.520734375 0.39946875 0.52815625
49 0.52421875 0.5254375 0.5295625 0.525109375 0.53390625 0.520421875 0.538234375 0.520421875 0.544921875 0.5230937499999999 0.548265625 0.524765625 0.55059375 0.521765625 0.5526093750000001 0.51475 0.553265625 0.5070625 0.5509375000000001 0.5020625 0.54659375 0.497046875 0.540578125 0.491703125 0.53790625 0.491703125 0.537578125 0.48870312499999996 0.5345625 0.4846875 0.5278906250000001 0.486703125 0.52521875 0.489375 0.523875 0.494046875 0.5232187500000001 0.499046875 0.519203125 0.5070625 0.51853125 0.5150781249999999 0.520875 0.520421875 0.521875 0.5234375 0.522875 0.51675 0.52421875 0.5100781249999999 0.52621875 0.504390625 0.527546875 0.503390625 0.527546875 0.51240625 0.52621875 0.5174218749999999 0.524875 0.520765625 0.52421875 0.5254375
12 0.47935937500000003 0.65634375 0.4774375 0.6676562500000001 0.514484375 0.6683749999999999 0.5156875000000001 0.660203125 0.5161718750000001 0.65634375 0.47935937500000003 0.65634375
12 0.512 0.6778593749999999 0.473140625 0.6771874999999999 0.474015625 0.664828125 0.46606249999999994 0.6646093750000001 0.46496875 0.68028125 0.515984375 0.68071875 0.51465625 0.671 0.51134375 0.672546875 0.512 0.6778593749999999
12 0.47715625 0.668671875 0.477375 0.66315625 0.47317187499999996 0.66271875 0.47406249999999994 0.665140625 0.47406249999999994 0.676625 0.5113749999999999 0.67728125 0.5113749999999999 0.668234375 0.47715625 0.668671875
12 0.551671875 0.67703125 0.54775 0.655484375 0.52034375 0.652875 0.516421875 0.6691874999999999 0.5177343750000001 0.6868125 0.54775 0.688765625 0.551671875 0.67703125
36 0.5158750000000001 0.776359375 0.547828125 0.77534375 0.555546875 0.769625 0.555890625 0.761890625 0.554875 0.7376875 0.550515625 0.72390625 0.547484375 0.722890625 0.539421875 0.7252500000000001 0.5370625 0.72759375 0.524953125 0.7306250000000001 0.51353125 0.7252500000000001 0.50646875 0.724234375 0.502765625 0.73096875 0.501078125 0.7501249999999999 0.503109375 0.76996875 0.508140625 0.773 0.5158750000000001 0.776359375
36 0.6562812499999999 0.83359375 0.686671875 0.8325156249999999 0.688328125 0.8286562500000001 0.68778125 0.8065468750000001 0.694453125 0.808 0.6953437499999999 0.83359375 0.71415625 0.8325781250000001 0.714828125 0.830140625 0.7130468750000001 0.824609375 0.70840625 0.8186249999999999 0.718171875 0.8164999999999999 0.718171875 0.81428125 0.7128281249999999 0.810234375 0.7185364578125 0.804703125 0.719265625 0.785546875 0.718171875 0.777265625 0.7131875 0.77284375 0.7043515625000001 0.7711796875 0.6948645828125 0.7784427078125 0.6911562499999999 0.7766354171875001 0.68925 0.7715468750000001 0.695515625 0.769515625 0.6890625 0.763625 0.688875 0.7557031249999999 0.68059375 0.7557031249999999 0.672859375 0.75846875 0.6617968750000001 0.766203125 0.651296875 0.770625 0.6474375 0.7745 0.64521875 0.7811250000000001 0.644671875 0.791625 0.6540625 0.827 0.660640625 0.8264739578125001 0.6562812499999999 0.83359375
22 0.45459375 0.59284375 0.457 0.590921875 0.45771875 0.577453125 0.48178124999999994 0.578421875 0.4841875 0.5897187500000001 0.485140625 0.5935625 0.48562500000000003 0.58803125 0.48490625 0.576734375 0.48321875 0.57215625 0.484671875 0.5666249999999999 0.48706250000000006 0.56446875 0.48754687499999994 0.5618125 0.48706250000000006 0.555796875 0.48562500000000003 0.55315625 0.48442187499999995 0.54859375 0.4839375 0.528859375 0.48321875 0.526453125 0.47696875 0.5257343750000001 0.46734375000000006 0.5255 0.459171875 0.5255 0.451953125 0.5255 0.44978125 0.5271874999999999 0.44954687499999996 0.5334375 0.44954687499999996 0.539921875 0.4493125 0.559890625 0.450515625 0.5858749999999999 0.451953125 0.59309375 0.45387500000000003 0.59309375 0.45459375 0.59284375
22 0.5219375 0.5392187500000001 0.520890625 0.52771875 0.5349999999999999 0.52771875 0.5373593750000001 0.526921875 0.536046875 0.5253593750000001 0.5305625 0.52353125 0.524546875 0.52275 0.51853125 0.52353125 0.51253125 0.5248437499999999 0.506515625 0.526671875 0.504421875 0.5295468750000001 0.5025937500000001 0.54 0.5025937500000001 0.5585625000000001 0.50625 0.56090625 0.5187968749999999 0.556734375 0.5190625 0.556203125 0.5219375 0.5392187500000001
12 0.73775 0.7698437499999999 0.7830468749999999 0.770125 0.782453125 0.762140625 0.739515625 0.759765625 0.72975 0.739625 0.722046875 0.739328125 0.718796875 0.742890625 0.73775 0.7698437499999999
12 0.74034375 0.781640625 0.750921875 0.786734375 0.8041406249999999 0.7841875 0.8055937500000001 0.781640625 0.809609375 0.778359375 0.7851874999999999 0.7535624999999999 0.78409375 0.760125 0.78190625 0.76340625 0.783 0.7710625 0.7381562500000001 0.769234375 0.7210156249999999 0.74590625 0.71409375 0.7484531249999999 0.715546875 0.75246875 0.74034375 0.781640625
24 0.621359375 0.563875 0.590375 0.567375 0.580765625 0.5839531250000001 0.57640625 0.5839531250000001 0.579015625 0.60446875 0.5650625 0.60403125 0.5659375 0.63109375 0.592984375 0.6677500000000001 0.595609375 0.662953125 0.59953125 0.626296875 0.67853125 0.63153125 0.6903125 0.610578125 0.70165625 0.586140625 0.7204375 0.572171875 0.7317812499999999 0.575671875 0.72 0.5678124999999999 0.67678125 0.5520937499999999 0.65059375 0.562578125 0.647984375 0.5678124999999999 0.621359375 0.563875
27 0.4401 0.5516656249999999 0.44765625 0.555703125 0.44001250000000003 0.5603625 0.43975 0.586453125 0.44151562499999997 0.59171875 0.44370312500000003 0.59084375 0.44706054687499996 0.5856250000000001 0.44809374999999996 0.5816250000000001 0.45260546875 0.5795312499999999 0.48587499999999995 0.54296875 0.503453125 0.54253125 0.50125 0.52846875 0.482359375 0.53021875 0.485 0.54209375 0.451609375 0.5662499999999999 0.44942187499999997 0.52846875 0.43271875 0.52846875 0.43053125000000003 0.5407656249999999 0.434921875 0.54296875 0.44721875000000005 0.5442812499999999 0.4401 0.5516656249999999
12 0.7865 0.7573125 0.7735000000000001 0.739578125 0.7329375 0.73721875 0.7325468749999999 0.74784375 0.738453125 0.75928125 0.7865 0.762421875 0.7865 0.7573125
12 0.472359375 0.619859375 0.47690625000000003 0.623328125 0.475390625 0.623765625 0.497921875 0.631765625 0.519796875 0.61834375 0.494453125 0.609890625 0.472359375 0.619859375
12 0.8053437499999999 0.7380625000000001 0.805640625 0.74925 0.85428125 0.77009375 0.8551875000000001 0.75559375 0.8579062499999999 0.72175 0.8246718749999999 0.7132968749999999 0.8053437499999999 0.7380625000000001
24 0.66565625 0.764328125 0.672328125 0.758875 0.686296875 0.754015625 0.692375 0.735796875 0.67596875 0.7242656249999999 0.674765625 0.7139375 0.7451875 0.70421875 0.75065625 0.6914687500000001 0.759765625 0.6890468750000001 0.7791875 0.6957187499999999 0.796796875 0.700578125 0.8089375000000001 0.6993750000000001 0.80834375 0.68965625 0.803484375 0.611328125 0.76765625 0.5925 0.738515625 0.5767187500000001 0.725765625 0.574296875 0.710578125 0.578546875 0.691765625 0.599796875 0.679015625 0.630765625 0.6019062500000001 0.630765625 0.59096875 0.670828125 0.598859375 0.6890468750000001 0.648046875 0.772234375 0.66565625 0.764328125