20 0.270546875 0.5379375 0.247640625 0.5422343749999999 0.246203125 0.547953125 0.2204375 0.55796875 0.217578125 0.5708593750000001 0.219015625 0.6052187499999999 0.20182812499999997 0.623828125 0.203265625 0.635265625 0.2361875 0.6424218749999999 0.24334375000000003 0.66246875 0.2805625 0.69825 0.282 0.702546875 0.294875 0.7225937499999999 0.33209374999999997 0.70828125 0.36359375 0.6910937500000001 0.386484375 0.681078125 0.40509375 0.66103125 0.42800000000000005 0.6581718750000001 0.45234375 0.66246875 0.515328125 0.67678125 0.692828125 0.709703125 0.7443593749999999 0.711140625 0.787296875 0.69825 0.840265625 0.675359375 0.874609375 0.653875 0.906109375 0.606640625 0.91040625 0.590890625 0.90896875 0.556546875 0.900390625 0.526484375 0.8875 0.5064375 0.847421875 0.48496875 0.8288125000000001 0.46349999999999997 0.808765625 0.46206250000000004 0.778703125 0.46206250000000004 0.727171875 0.47925000000000006 0.707140625 0.48067187499999997 0.665625 0.47209375 0.64415625 0.482109375 0.661328125 0.502140625 0.6956875 0.510734375 0.6870937500000001 0.510734375 0.669921875 0.510734375 0.6513125 0.51503125 0.62696875 0.532203125 0.58403125 0.52934375 0.558265625 0.519328125 0.558265625 0.50071875 0.519609375 0.49642187499999996 0.519609375 0.46492187500000004 0.50959375 0.44632812499999996 0.521046875 0.413390625 0.51103125 0.39192187500000003 0.501015625 0.39049999999999996 0.48668750000000005 0.401953125 0.47953124999999996 0.42771875000000004 0.478109375 0.46206250000000004 0.462359375 0.460640625 0.42943749999999997 0.45490624999999996 0.412265625 0.434875 0.39078124999999997 0.41053125 0.37790625 0.41626562500000003 0.37646875 0.44489062500000004 0.39365625 0.47925000000000006 0.39221875 0.502140625 0.3850625 0.509296875 0.380765625 0.51359375 0.352140625 0.53078125 0.33353125 0.547953125 0.33782812500000003 0.555109375 0.33353125 0.549390625 0.270546875 0.5379375
13 0.606703125 0.35350000000000004 0.641734375 0.35509375 0.65925 0.3439375 0.6640312500000001 0.288203125 0.648109375 0.26909375 0.649703125 0.24362499999999998 0.6210312499999999 0.24521874999999999 0.6210312499999999 0.25 0.6210312499999999 0.27228125 0.601921875 0.2834375 0.59875 0.337578125 0.606703125 0.35350000000000004
13 0.569734375 0.248359375 0.569734375 0.2563125 0.5684218750000001 0.260734375 0.564453125 0.266015625 0.561359375 0.27087500000000003 0.561359375 0.275734375 0.562234375 0.30485937500000004 0.5723906249999999 0.312796875 0.586953125 0.314125 0.597984375 0.31325 0.601078125 0.282796875 0.6187343750000001 0.27353125 0.6125468749999999 0.26425 0.612109375 0.25984375000000004 0.613 0.251015625 0.609015625 0.24660937500000002 0.600640625 0.24351562499999999 0.58871875 0.2421875 0.58828125 0.24306250000000001 0.579453125 0.243953125 0.569734375 0.248359375
49 0.48401562499999995 0.6885 0.42800000000000005 0.659859375 0.36825 0.6698125 0.33215625000000004 0.72584375 0.17781249999999998 0.824171875 0.1848978359375 0.8205811296875 0.1856428578125 0.82418363125 0.1919831734375 0.8169903843749999 0.1934732140625 0.8241953875 0.9921696421874999 0.82539449375 0.9934647562500001 0.82109131875 1 0.82540625 0.9993437500000001 0.615046875 0.9732031250000001 0.468171875 0.9383437499999999 0.40718750000000004 0.883578125 0.387265625 0.8250781249999999 0.409671875 0.782765625 0.4644375 0.68940625 0.519203125 0.681659721875 0.5165763890624999 0.68141796875 0.5196184890625 0.6734296875 0.5200338546875 0.67391319375 0.513949653125 0.6196875000000001 0.4955625 0.587328125 0.39473437499999997 0.5599375 0.349921875 0.505171875 0.34245312499999997 0.45912499999999995 0.36734374999999997 0.411828125 0.4370625 0.7908722218750001 0.687328471875 0.71678125 0.717125 0.638375 0.6996875 0.48401562499999995 0.6885
26 0.6509375000000001 0.24095312500000002 0.660921875 0.168671875 0.602484375 0.168671875 0.6032656249999999 0.23940625 0.62325 0.248640625 0.630171875 0.24326562499999999 0.6509375000000001 0.24095312500000002
26 0.800953125 0.30484374999999997 0.818484375 0.303125 0.82575 0.29671875000000003 0.830453125 0.290296875 0.8569687500000001 0.213328125 0.8556874999999999 0.20350000000000001 0.8514062499999999 0.20049999999999998 0.8364375000000001 0.191953125 0.8052187500000001 0.187671875 0.78 0.192796875 0.77271875 0.198796875 0.768453125 0.25909375 0.768015625 0.29115625 0.77871875 0.301421875 0.800953125 0.30484374999999997
42 0.415828125 0.215046875 0.306640625 0.303296875 0.2901875 0.3421875 0.30215625 0.352671875 0.457703125 0.372109375 0.5295156249999999 0.327234375 0.5863437499999999 0.233 0.415828125 0.215046875
77 0.686296875 0.22359374999999998 0.683390625 0.23284375000000002 0.67559375 0.242578125 0.6697656249999999 0.26009375 0.676078125 0.2703125 0.68825 0.281015625 0.7223124999999999 0.28296875 0.7403125 0.27275 0.7466406250000001 0.25425 0.738375 0.24110937500000001 0.73690625 0.224078125 0.75296875 0.1671875 0.68825 0.1671875 0.68921875 0.1973125 0.686296875 0.22359374999999998
13 0.20509375 0.25871875 0.22871875 0.24471875 0.230328125 0.228296875 0.225921875 0.218296875 0.213109375 0.1674375 0.144640625 0.16825 0.14425 0.17024999999999998 0.16346875 0.23670312500000001 0.164265625 0.24431250000000002 0.17546875 0.257125 0.20509375 0.25871875
13 0.334375 0.21018750000000003 0.337796875 0.236421875 0.36517187500000003 0.24326562499999999 0.381140625 0.23528125000000003 0.37429687500000003 0.199921875 0.362890625 0.18053125 0.3435 0.18167187499999998 0.334375 0.1919375 0.334375 0.21018750000000003
53 0.8269375 0.293421875 0.82653125 0.308234375 0.825734375 0.30303125 0.82453125 0.35628125 0.8805781250000001 0.365484375 0.87096875 0.299828125 0.8269375 0.293421875
26 0.364125 0.1846875 0.371453125 0.188359375 0.3721875 0.19459375 0.37879687500000003 0.22943750000000002 0.399703125 0.22834374999999998 0.41034375 0.22503125000000002 0.414375 0.221 0.416578125 0.21659375 0.417671875 0.18615625 0.42024999999999996 0.18321875 0.41987500000000005 0.1671875 0.356046875 0.1671875 0.35825 0.18028125 0.364125 0.1846875