75 0.7819 0.51078 0.80748 0.51998 0.82284 0.50054 0.85456 0.49644000000000005 0.87912 0.50976 0.8944599999999999 0.53124 0.92516 0.5353399999999999 0.9282199999999999 0.3839 0.7819 0.39004 0.786 0.48826 0.7819 0.51078
24 0.05634 0.84622 0.06760000000000001 0.86714 0.07242 0.8253 0.10622000000000001 0.82046 0.30257999999999996 0.79794 0.30901999999999996 0.8365600000000001 0.31384 0.82208 0.31223999999999996 0.79954 0.31384 0.7802399999999999 0.30579999999999996 0.6885 0.28488 0.6643600000000001 0.19796 0.69172 0.16255999999999998 0.66114 0.11588000000000001 0.61768 0.06276000000000001 0.5613400000000001 0.04506 0.55812 0.02092 0.58548 0.02092 0.6160599999999999 0.01932 0.6402 0.012879999999999999 0.65952 0.00482 0.6707799999999999 0.01932 0.68206 0.07082000000000001 0.79472 0.0692 0.8156399999999999 0.0499 0.81724 0.05634 0.84622
22 0.77418 0.7678 0.77138 0.6531399999999999 0.76024 0.6508200000000001 0.75374 0.66056 0.61636 0.6763600000000001 0.61588 0.67124 0.6126400000000001 0.66986 0.59268 0.6731 0.59314 0.6782 0.5987199999999999 0.74674 0.6154200000000001 0.8655799999999999 0.62192 0.87316 0.6275000000000001 0.875 0.79088 0.875 0.78902 0.86202 0.77418 0.7678
22 0.89484 0.63454 0.84174 0.6426000000000001 0.84012 0.6554800000000001 0.8562200000000001 0.78422 0.87876 0.8647 0.99786 0.8647 0.99786 0.75686 0.98658 0.61684 0.89484 0.63454
49 0.09012 0.5331400000000001 0.08806 0.5525800000000001 0.07987999999999999 0.5669 0.07067999999999999 0.58736 0.07886 0.61704 0.1116 0.6037399999999999 0.14128000000000002 0.64262 0.1597 0.6641 0.17094 0.67126 0.22518 0.67228 0.23336 0.6661400000000001 0.23234 0.6641 0.22006 0.64262 0.22210000000000002 0.63238 0.22313999999999998 0.62828 0.21494 0.62318 0.21596 0.61192 0.22210000000000002 0.59554 0.217 0.58736 0.1955 0.5934999999999999 0.19244 0.5976 0.18732 0.59656 0.17914000000000002 0.59044 0.16992000000000002 0.5761000000000001 0.15764 0.56792 0.15458 0.52904 0.13412 0.51982 0.09626 0.52188 0.09012 0.5331400000000001
49 0.27944 0.67326 0.30110000000000003 0.67326 0.32395999999999997 0.7105400000000001 0.32395999999999997 0.7298 0.32276 0.75746 0.31794 0.7695000000000001 0.31434 0.7839400000000001 0.31434 0.8224199999999999 0.33838 0.82122 0.35764 0.82362 0.36846 0.80558 0.3829 0.79596 0.38772 0.78874 0.39132 0.77912 0.38170000000000004 0.75746 0.3793 0.7346 0.3829 0.72018 0.40576 0.70934 0.4226 0.70694 0.43102 0.6949 0.43102 0.68528 0.4202 0.68168 0.40815999999999997 0.6744600000000001 0.40696000000000004 0.6612199999999999 0.40094 0.648 0.39614 0.64078 0.39252 0.63236 0.39252 0.62514 0.39252 0.6107 0.39252 0.60348 0.3841 0.60348 0.37688 0.61672 0.37088 0.62514 0.35764 0.62514 0.3456 0.6119 0.3396 0.60108 0.3456 0.59026 0.34922 0.57582 0.34922 0.55776 0.34802 0.53972 0.33598 0.52528 0.32154 0.52168 0.3059 0.52408 0.28906 0.5337 0.27944 0.54574 0.2626 0.56498 0.25178 0.57822 0.24094000000000002 0.59266 0.22652 0.61552 0.2253 0.63476 0.22772 0.65762 0.23974 0.66964 0.25658 0.67326 0.27944 0.67326
49 0.6622 0.6370199999999999 0.663 0.62426 0.6622 0.60992 0.6662 0.60432 0.67416 0.59954 0.6925 0.5979599999999999 0.71882 0.59636 0.72758 0.5820000000000001 0.72758 0.54294 0.7203999999999999 0.5269999999999999 0.70686 0.50866 0.70286 0.49192 0.7108399999999999 0.47996 0.7116399999999999 0.46719999999999995 0.70286 0.44966 0.6957 0.44728 0.67974 0.44568 0.65742 0.45524 0.64386 0.4664 0.64546 0.47438 0.6502399999999999 0.48794000000000004 0.6462600000000001 0.50148 0.6414799999999999 0.50946 0.63032 0.51902 0.61358 0.53816 0.5992200000000001 0.56526 0.5840799999999999 0.5844 0.57372 0.6123000000000001 0.56972 0.6258600000000001 0.57372 0.62666 0.5745 0.641 0.5777 0.66252 0.62792 0.66332 0.6406799999999999 0.66014 0.65344 0.64898 0.6622 0.6370199999999999
13 0.42076 0.5966400000000001 0.41900000000000004 0.59636 0.41753999999999997 0.60252 0.41666 0.62456 0.4237 0.62514 0.4237 0.61368 0.42224000000000006 0.60546 0.42047999999999996 0.60164 0.42076 0.5966400000000001
23 0.3549 0.44160000000000005 0.35941999999999996 0.43782 0.36848000000000003 0.42876000000000003 0.36960000000000004 0.41594 0.36696 0.40576 0.36132 0.3937 0.35302 0.38842 0.33642 0.38616 0.32624 0.38917999999999997 0.31492 0.39822 0.31002 0.40878 0.30926 0.41822 0.31342 0.4314 0.32284 0.44160000000000005 0.33228 0.4431 0.34246 0.44348 0.3549 0.44160000000000005
26 0.40282 0.6143 0.40178 0.58312 0.40022 0.58156 0.37786 0.58416 0.37942 0.60494 0.38722 0.60702 0.3919 0.6143 0.40282 0.6143
32 0.77266 0.61336 0.78406 0.60766 0.8088599999999999 0.59794 0.80684 0.5946 0.7820400000000001 0.60564 0.77232 0.6046400000000001 0.7626000000000001 0.61302 0.7626000000000001 0.61336 0.76964 0.6147 0.77266 0.61336
49 0.7487 0.65648 0.74986 0.64838 0.76726 0.64838 0.7730400000000001 0.6761999999999999 0.83912 0.6692400000000001 0.8518800000000001 0.6402599999999999 0.9434400000000001 0.6298199999999999 0.9434400000000001 0.62056 0.9364800000000001 0.6078 0.9249 0.5939 0.92258 0.5846199999999999 0.91098 0.5741799999999999 0.91098 0.57302 0.90288 0.54636 0.8878 0.5371 0.8866400000000001 0.51854 0.8669399999999999 0.51274 0.83216 0.49420000000000003 0.80898 0.5069600000000001 0.80318 0.51738 0.80318 0.5313 0.80898 0.54636 0.8112999999999999 0.5614399999999999 0.81246 0.5776600000000001 0.82058 0.5939 0.80318 0.58346 0.78464 0.5939 0.78928 0.60432 0.78 0.61592 0.75914 0.63098 0.72088 0.6275000000000001 0.6838 0.6588 0.6756800000000001 0.65764 0.68842 0.66228 0.7487 0.65648
32 0.64654 0.52882 0.6258600000000001 0.51958 0.6232800000000001 0.5243800000000001 0.64284 0.53434 0.64654 0.52882
27 0.358516 0.610336 0.350345 0.60102 0.34008 0.60152 0.3491 0.61754 0.36912 0.61554 0.39416 0.61754 0.39716 0.62656 0.39416 0.64558 0.39815999999999996 0.6475799999999999 0.40918 0.63958 0.41018 0.64958 0.41719999999999996 0.64858 0.4152 0.6596 0.41118 0.6626000000000001 0.43172 0.6475799999999999 0.44623999999999997 0.6465799999999999 0.45124000000000003 0.701663334375 0.44322999999999996 0.70817 0.43422 0.70366 0.43122 0.71068 0.43922 0.71968 0.45124000000000003 0.72068 0.45524 0.7337 0.46026 0.7367 0.46426 0.7297 0.45826 0.64458 0.47828 0.64458 0.47628000000000004 0.63656 0.42922000000000005 0.6085200000000001 0.4222 0.61254 0.4162 0.60352 0.4162 0.5995199999999999 0.40418000000000004 0.60152 0.40118 0.60954 0.392764 0.6037239999999999 0.381348 0.605928 0.38014000000000003 0.60352 0.38114 0.5995199999999999 0.370875 0.60002 0.36993200000000004 0.608132 0.36061 0.60052 0.358516 0.610336
22 0.66496 0.62992 0.66306 0.6375200000000001 0.65358 0.64952 0.65862 0.65838 0.68898 0.65206 0.7028800000000001 0.6451 0.7155199999999999 0.6356200000000001 0.71236 0.6293 0.70414 0.62234 0.71046 0.61602 0.7212 0.61286 0.7464999999999999 0.6115999999999999 0.75976 0.6046400000000001 0.75344 0.57494 0.7464999999999999 0.54774 0.73322 0.54206 0.73258 0.55596 0.71932 0.5945199999999999 0.70794 0.59768 0.6681199999999999 0.60212 0.66242 0.59958 0.66116 0.6115999999999999 0.66496 0.62992
27 0.8885 0.8627 0.8885 0.87496 0.9979799999999999 0.8732200000000001 1 0.82592 0.8885 0.8627