75 0.98090625 0.24803125 0.7449375 0.25140625 0.7516875 0.391296875 0.75 0.392984375 0.98090625 0.389609375 0.98090625 0.24803125
24 0.23015625 0.86875 0.29775 0.8558749999999999 0.296140625 0.8446093749999999 0.284875 0.830125 0.251078125 0.8172499999999999 0.178640625 0.8317343749999999 0.130359375 0.83334375 0.08690624999999999 0.80759375 0.0064375000000000005 0.773796875 0 0.764140625 0.011265625 0.863921875 0.23015625 0.86875
22 0.490328125 0.8217812500000001 0.49193749999999997 0.8491875 0.509671875 0.8491875 0.51290625 0.8040312500000001 0.5580625 0.786296875 0.583875 0.8201562499999999 0.6 0.818546875 0.561296875 0.73790625 0.57903125 0.718546875 0.5758125 0.708875 0.580640625 0.6895156250000001 0.60484375 0.62984375 0.590328125 0.597578125 0.54678125 0.591125 0.49515624999999996 0.6169374999999999 0.47903124999999996 0.647578125 0.47257812499999996 0.7201562499999999 0.42903125 0.72984375 0.435484375 0.731453125 0.41773437500000005 0.82984375 0.435484375 0.8282187499999999 0.4419375 0.8008124999999999 0.490328125 0.8217812500000001
26 0.7012343750000001 0.8532968750000001 0.704625 0.8570625 0.702734375 0.8739531250000001 0.73240625 0.871703125 0.73390625 0.8502968750000001 0.73428125 0.843171875 0.73353125 0.83903125 0.729390625 0.8360312499999999 0.720015625 0.83415625 0.7125 0.83415625 0.7072499999999999 0.8360312499999999 0.704625 0.83865625 0.7012343750000001 0.84015625 0.699359375 0.847671875 0.7012343750000001 0.8532968750000001
22 0.9341250000000001 0.53715625 0.9172343749999999 0.5675625 0.91215625 0.641890625 0.9239843750000001 0.68075 0.9256718749999999 0.7077656250000001 0.9543906249999999 0.734796875 0.929046875 0.77534375 0.9966250000000001 0.802359375 0.9966250000000001 0.7989843750000001 1 0.53715625 0.9341250000000001 0.53715625
12 0.166671875 0.335984375 0.287875 0.326515625 0.28409375 0.3 0.15909374999999998 0.30946875 0.136359375 0.30946875 0.136359375 0.33409374999999997 0.166671875 0.335984375
12 0.090609375 0.46114062499999997 0.181078125 0.455546875 0.17984375 0.44000000000000006 0.088125 0.44684375000000004 0.090609375 0.46114062499999997
12 0.143359375 0.5627500000000001 0.086546875 0.572078125 0.08315625 0.567 0.091625 0.585640625 0.12979687499999998 0.584796875 0.150984375 0.5839531250000001 0.143359375 0.5627500000000001
12 0.04496875 0.6875312499999999 0.037546875 0.5892031249999999 0.02334375 0.57534375 0.01625 0.576359375 0.028078125 0.59225 0.0385625 0.687859375 0.04496875 0.6875312499999999
12 0.061921875 0.5940624999999999 0.073359375 0.68046875 0.080984375 0.67284375 0.07145312499999999 0.59278125 0.061921875 0.5940624999999999
12 0.177421875 0.7307812499999999 0.177421875 0.71959375 0.10301562500000001 0.733015625 0.10245312499999999 0.734703125 0.096859375 0.745328125 0.177421875 0.7307812499999999
12 0.0818125 0.7616875000000001 0.08765625 0.742203125 0.077921875 0.718828125 0.060390624999999996 0.6993437499999999 0.001953125 0.716890625 0.025328125 0.7850625 0.070125 0.7753281249999999 0.0818125 0.7616875000000001
12 0.009093750000000001 0.69375 0 0.605890625 0.0013281249999999999 0.6812343750000001 0.0006562499999999999 0.6954374999999999 0.009093750000000001 0.69375
12 0.05532812499999999 0.5902499999999999 0.044515624999999996 0.5828125 0.048578125 0.5936250000000001 0.05600000000000001 0.684859375 0.066484375 0.682828125 0.05532812499999999 0.5902499999999999
12 0.0386875 0.5759218749999999 0.055203125 0.589796875 0.067765625 0.680296875 0.073046875 0.680296875 0.06314062499999999 0.585828125 0.048609374999999996 0.5739375 0.0386875 0.5759218749999999
12 0.037421875 0.578078125 0.041421875000000004 0.591234375 0.050859375 0.685359375 0.057437499999999996 0.683078125 0.047421875 0.588953125 0.037421875 0.578078125
12 0.027375 0.5904375 0.02178125 0.587328125 0.023328124999999998 0.592609375 0.03265625 0.688984375 0.037953125 0.6861875000000001 0.027375 0.5904375
12 0.03365625 0.68915625 0.034328125 0.680890625 0.029953125000000004 0.65225 0.027921875000000002 0.626125 0.024390625 0.60253125 0.02371875 0.5871875 0.021359375 0.5801093749999999 0.01225 0.57521875 0.008375 0.5765781249999999 0.008546874999999999 0.580453125 0.012765625 0.587703125 0.01596875 0.612984375 0.0168125 0.6161875 0.019171874999999998 0.625625 0.021359375 0.6465156249999999 0.025234374999999996 0.68796875 0.03365625 0.68915625
12 0.0228125 0.43171875000000004 0.01875 0.4390625 0.020596590625 0.440340909375 0.01875 0.4484375 0.0234375 0.453125 0.0546875 0.453125 0.0578125 0.4484375 0.0578125 0.4109375 0.0442708328125 0.40260416718750003 0.043125000000000004 0.395 0.0609375 0.3625 0.0609375 0.3546875 0.05625 0.3484375 0.0484375 0.346875 0.04375 0.35 0.0390625 0.359375 0.0316761359375 0.3917613640625 0.0328125 0.396875 0.028125 0.3984375 0.025 0.403125 0.0279829546875 0.4079545453125 0.02421875 0.41328125 0.0261363640625 0.4160511359375 0.0228125 0.43171875000000004