23 0.9186400000000001 0.47572749999999997 0.91274 0.46824750000000004 0.83478 0.36588750000000003 0.82218 0.3875475 0.7552399999999999 0.4969875 0.7540600000000001 0.4973875 0.9277 0.4899075 0.9186400000000001 0.47572749999999997
12 0.73334 0.4365875 0.74084 0.4305875 0.74832 0.4096475 0.7109 0.3991675 0.68546 0.3991675 0.68844 0.49644750000000004 0.6914399999999999 0.49944750000000004 0.72138 0.49644750000000004 0.73334 0.4365875
12 0.6934400000000001 0.7495275 0.69584 0.6024275 0.66692 0.6024275 0.6628999999999999 0.7286275 0.6628999999999999 0.7495275 0.6934400000000001 0.7495275
12 0.7495 0.7584875 0.75512 0.6189275000000001 0.73508 0.6181275 0.73426 0.6173275 0.7246400000000001 0.7584875 0.7495 0.7584875
12 0.66334 0.5013475 0.68276 0.4994675 0.6808799999999999 0.4211675 0.68966 0.42178750000000004 0.6859 0.4092675 0.66272 0.4105275 0.66334 0.5013475
12 0.7230000000000001 0.7583275 0.73292 0.6188675 0.7555799999999999 0.6181675 0.75912 0.6110875 0.76832 0.6089475 0.76974 0.5947875 0.73576 0.5940875 0.69328 0.5898475000000001 0.6954 0.5969274999999999 0.68974 0.7555075 0.7230000000000001 0.7583275
12 0.91166 0.6114675 0.89512 0.6114675 0.8912599999999999 0.7791475 0.91442 0.7819075 0.91166 0.6114675
12 0.8775000000000001 0.7731675 0.87296 0.6132475000000001 0.86478 0.6123475 0.8511599999999999 0.6123475 0.85388 0.7786275 0.8775000000000001 0.7795275 0.8775000000000001 0.7731675
12 0.5924 0.41584750000000004 0.59682 0.5043075 0.6112 0.5020875 0.60844 0.41584750000000004 0.5924 0.41584750000000004
12 0.97994 0.7870675 0.98072 0.6116475 0.94302 0.6093474999999999 0.9160999999999999 0.6093474999999999 0.91456 0.6162675 0.9183999999999999 0.7370475 0.9160999999999999 0.7516675 0.9183999999999999 0.7824475 0.97994 0.7870675
12 0.95386 0.37248749999999997 0.95084 0.4876875 0.9598800000000001 0.48638750000000003 0.96546 0.3737875 0.9624599999999999 0.3720675 0.95428 0.3707675 0.95386 0.37248749999999997
12 0.61208 0.6298874999999999 0.61066 0.6100275 0.5766 0.6093075 0.5759000000000001 0.7306475 0.59434 0.7334875000000001 0.59648 0.6291875 0.61208 0.6298874999999999
12 0.62428 0.7409475 0.62668 0.6094275 0.61546 0.6094275 0.60904 0.6054075 0.60664 0.7353275 0.62428 0.7409475
12 0.78096 0.6187875 0.75398 0.6181875 0.7516200000000001 0.7590075 0.76278 0.7619275 0.7639400000000001 0.6287475 0.7797799999999999 0.6269875 0.78096 0.6187875
12 0.828 0.8171875 0.8320000000000001 0.8111875 0.8380000000000001 0.7791875 0.852 0.7771874999999999 0.866 0.7951875 0.8859999999999999 0.7971874999999999 0.908 0.7831875 0.9039999999999999 0.7811874999999999 0.9039999999999999 0.7761875 0.916 0.7711875 0.914 0.7571875 0.9253793101562501 0.7542564656249999 0.96572413828125 0.78477370703125 0.968 0.7971874999999999 0.978 0.8071875000000001 0.99 0.8111875 0.998 0.8091875 0.9720000000000001 0.7871875 0.978 0.7871875 0.9800000000000001 0.7751875 0.9112941179687499 0.62742279375 0.914 0.6211875 0.9119999999999999 0.6171875 0.9155555554687499 0.6122986109374999 0.9800000000000001 0.6131875 0.998 0.6051875 0.99 0.6011875 0.976 0.6051875 0.9720000000000001 0.6005874999999999 0.9720000000000001 0.5051875 0.984 0.5011875 0.9880000000000001 0.5011875 0.9877499999999999 0.4989375 0.9570000000000001 0.4921875 0.954 0.4891875 0.96 0.4851875 0.954 0.45518749999999997 0.962 0.4451875 0.9640000000000001 0.4051875 0.954 0.3731875 0.9640000000000001 0.3731875 0.998 0.34118750000000003 0.958 0.3431875 0.9339999999999999 0.3651875 0.9199999999999999 0.3631875 0.9019999999999999 0.3551875 0.868 0.3571875 0.8460000000000001 0.3691875 0.8320000000000001 0.3851875 0.828 0.3851875 0.8140000000000001 0.3711875 0.792 0.3611875 0.76 0.3611875 0.712 0.3771875 0.702 0.3711875 0.692 0.3591875 0.6839999999999999 0.3571875 0.678 0.3471875 0.6679999999999999 0.3431875 0.6559999999999999 0.3291875 0.6519999999999999 0.3291875 0.626 0.3031875 0.616 0.2991875 0.5900000000000001 0.2731875 0.58 0.2691875 0.568 0.2711875 0.5559999999999999 0.28518750000000004 0.558 0.3051875 0.572 0.3151875 0.5820000000000001 0.3271875 0.5900000000000001 0.3291875 0.5980000000000001 0.34118750000000003 0.606 0.3431875 0.612 0.3531875 0.624 0.3591875 0.662 0.39518749999999997 0.662 0.3991875 0.624 0.39718749999999997 0.616 0.4011875 0.58 0.40318750000000003 0.568 0.40718750000000004 0.55 0.41918749999999994 0.54 0.43118749999999995 0.53 0.45518749999999997 0.5380689656250001 0.46129094843749996 0.53 0.4731875 0.532 0.4911875 0.55 0.5191874999999999 0.564 0.5291875 0.58 0.5351874999999999 0.618 0.5351874999999999 0.618 0.5631875 0.602 0.5691875 0.5860000000000001 0.5811875 0.5780000000000001 0.5911875 0.568 0.6151875 0.5780000000000001 0.6111875 0.592 0.6111875 0.5909090906250001 0.6219147726562501 0.568 0.6431875 0.576 0.6631875 0.5740000000000001 0.7191875 0.584 0.7431875 0.6 0.7671875 0.624 0.7831875 0.658 0.7951875 0.706 0.7951875 0.728 0.7891874999999999 0.742 0.7891874999999999 0.758 0.7811874999999999 0.78 0.7791875 0.784 0.7851874999999999 0.786 0.8011874999999999 0.782 0.8091875 0.786 0.8331875 0.828 0.8331875 0.828 0.8171875