54 0.208953125 0.722 0.224453125 0.7164531249999999 0.242171875 0.72309375 0.29862500000000003 0.7363906250000001 0.341796875 0.75409375 0.39603125 0.749671875 0.404890625 0.734171875 0.459140625 0.7131406250000001 0.48903125000000003 0.682140625 0.493453125 0.643390625 0.5023125 0.629 0.4868125 0.598015625 0.428140625 0.563703125 0.3949375 0.5548437500000001 0.341796875 0.548203125 0.290875 0.5548437500000001 0.24548437500000003 0.57365625 0.216703125 0.5946875 0.192359375 0.619046875 0.1835 0.6367499999999999 0.18903125 0.643390625 0.16578125 0.65446875 0.17021875 0.661109375 0.17575000000000002 0.672171875 0.1835 0.679921875 0.18903125 0.697640625 0.18682812499999998 0.708703125 0.208953125 0.722
18 0.41115625 0.362484375 0.41335937500000003 0.37421875 0.42803125 0.37275 0.446375 0.35367187499999997 0.458109375 0.350015625 0.47424999999999995 0.345609375 0.49259375 0.345609375 0.5094531250000001 0.34634375 0.51753125 0.34928125 0.52853125 0.35954687500000004 0.5439375 0.36907812500000003 0.5476093750000001 0.367609375 0.557875 0.350015625 0.602625 0.341203125 0.618765625 0.34340625 0.62684375 0.34340625 0.615828125 0.31846874999999997 0.614359375 0.317 0.5952968750000001 0.31553125 0.57915625 0.3140625 0.5703437499999999 0.30671875000000004 0.55128125 0.29425 0.543203125 0.29278125 0.536609375 0.292046875 0.5131249999999999 0.293515625 0.46470312500000005 0.29571875 0.43023437500000006 0.31039062500000003 0.40528125 0.322125 0.41115625 0.362484375
18 0.013671875 0.365671875 0.0170625 0.36615625 0.018515625 0.355015625 0.0170625 0.351140625 0.011734375 0.337109375 0.000609375 0.33565625 0.000609375 0.359375 0.0020625 0.360828125 0.013671875 0.365671875
22 0.20224999999999999 0.392984375 0.20224999999999999 0.43342187499999996 0.208984375 0.483984375 0.22246875 0.54634375 0.2528125 0.559828125 0.3 0.54803125 0.3960625 0.5177031249999999 0.45168749999999996 0.49746875 0.43820312499999997 0.418265625 0.36067187500000003 0.360953125 0.284828125 0.35421874999999997 0.257859375 0.364328125 0.22078125 0.37275 0.20224999999999999 0.392984375
22 0.441875 0.43946874999999996 0.45710937500000004 0.510578125 0.514671875 0.510578125 0.55021875 0.409 0.5393459828125 0.39388169687499996 0.53858984375 0.39026953125 0.5468437500000001 0.390375 0.5468437500000001 0.383609375 0.533296875 0.366671875 0.5180625 0.356515625 0.49096875000000006 0.34635937499999997 0.45710937500000004 0.34635937499999997 0.43171875000000004 0.354828125 0.42325 0.364984375 0.4176041671875 0.3807864578125 0.41478125 0.38868749999999996 0.5303359375000001 0.3901640625 0.5318482140625 0.3973883921875 0.441875 0.43946874999999996
22 0.5440625 0.43410937499999996 0.54740625 0.46420312499999994 0.55409375 0.470890625 0.5775 0.47534375000000006 0.59978125 0.47534375000000006 0.617609375 0.473125 0.6287499999999999 0.4653125 0.6354375 0.446375 0.64325 0.427421875 0.651046875 0.411828125 0.656625 0.39065625000000004 0.657734375 0.365015625 0.657734375 0.356109375 0.6354375 0.352765625 0.612046875 0.35164062500000004 0.58975 0.349421875 0.5685781249999999 0.353875 0.55965625 0.35945312500000004 0.55296875 0.36724999999999997 0.5485156250000001 0.37728125 0.54740625 0.38396875 0.5485156250000001 0.3861875 0.549625 0.411828125 0.5440625 0.43410937499999996
22 0.006750000000000001 0.546453125 0.006750000000000001 0.576859375 0.02365625 0.6647031250000001 0.043921875 0.652875 0.057437499999999996 0.612328125 0.0641875 0.56840625 0.0641875 0.519421875 0.0641875 0.47720312500000006 0.0641875 0.44340624999999995 0.05575 0.40625 0.042234375000000005 0.385984375 0.0050625 0.365703125 0.0016875000000000002 0.462 0.0033750000000000004 0.5042187499999999 0.006750000000000001 0.546453125
22 0.5177031249999999 0.508171875 0.5177031249999999 0.523546875 0.68007291640625 0.5303828125 0.67369744296875 0.5218461171875 0.6892968749999999 0.52321354140625 0.68819140625 0.530724609375 0.6963098960937499 0.53106640625 0.697096590625 0.52389725390625 0.7048963070312501 0.524580965625 0.70442838515625 0.531408203125 0.71269602265625 0.525264678125 0.7125468749999999 0.53175 0.7910625 0.53168638359375 0.99865625 0.5440625 1 0.3605 0.907390625 0.325625 0.863296875 0.323578125 0.8643124999999999 0.345109375 0.8612500000000001 0.40254687499999997 0.834578125 0.466125 0.8079218750000001 0.496890625 0.782484375 0.522315625 0.7830781250000001 0.5312103796875001 0.7761250000000001 0.528671875 0.77509375 0.530734375 0.72049573828125 0.52594838984375 0.718703125 0.5276562499999999 0.68690625 0.503046875 0.6705 0.47535937500000003 0.65409375 0.455875 0.64690625 0.42407812500000003 0.643828125 0.3933125 0.639734375 0.37758333359375 0.628453125 0.374859375 0.5576875 0.43740625 0.533696875 0.47986562499999996 0.5217015625 0.5010953125000001 0.525502840625 0.5088555875 0.5177031249999999 0.508171875
27 0.39765625 0.516109375 0.0016718750000000002 0.6419374999999999 0.00671875 0.858390625 0.9932812500000001 0.8600625000000001 0.99496875 0.863421875 0.9882500000000001 0.547984375 0.39765625 0.516109375
49 0.387265625 0.36326562500000004 0.393453125 0.36326562500000004 0.393453125 0.358625 0.393453125 0.32921875 0.393453125 0.31065624999999997 0.39190625 0.29053125 0.373328125 0.259578125 0.34084375 0.22864062500000001 0.32690625 0.231734375 0.32690625 0.244109375 0.325359375 0.264234375 0.30834375 0.292078125 0.29596875 0.315296875 0.271203125 0.326125 0.2541875 0.350875 0.30060937499999996 0.352421875 0.387265625 0.36326562500000004
78 0.6471875 0.69465625 0.664046875 0.70140625 0.67246875 0.70140625 0.731453125 0.7199375 0.8039375 0.7199375 0.841015625 0.714890625 0.8545 0.684546875 0.8190937500000001 0.6744375 0.77021875 0.6188125 0.768546875 0.561515625 0.7955 0.507578125 0.82246875 0.47893749999999996 0.8477499999999999 0.44185937500000005 0.857859375 0.40140624999999996 0.859546875 0.3289375 0.851125 0.25309375 0.844375 0.19746875 0.8140468750000001 0.187359375 0.785390625 0.183984375 0.72471875 0.185671875 0.67753125 0.189046875 0.655625 0.19578125 0.65225 0.263203125 0.640453125 0.367703125 0.640453125 0.37106249999999996 0.658984375 0.44521875 0.6674218749999999 0.46714062500000003 0.7213437500000001 0.536234375 0.72303125 0.6053437500000001 0.7129218749999999 0.639046875 0.6859531249999999 0.659265625 0.6539375 0.6693749999999999 0.655625 0.664328125 0.642140625 0.6828593749999999 0.6471875 0.69465625
36 0.32721875 0.31043750000000003 0.32243750000000004 0.31203125 0.31765625000000003 0.3168125 0.320046875 0.32559375 0.309671875 0.327984375 0.301703125 0.3335625 0.303296875 0.34471875 0.31925 0.34631249999999997 0.338375 0.347109375 0.357984375 0.350828125 0.36675 0.354828125 0.373921875 0.350828125 0.37153125 0.32771875 0.35240625 0.309375 0.341234375 0.26553125 0.331671875 0.259953125 0.32928125 0.264734375 0.332796875 0.265 0.33996875000000004 0.28731249999999997 0.34395312499999997 0.31043750000000003 0.326421875 0.32 0.32721875 0.31043750000000003
2 0.376453125 0.35875 0.39871875 0.374328125 0.412078125 0.37834375 0.408515625 0.368546875 0.41029687499999995 0.3623125 0.415640625 0.350734375 0.41431250000000003 0.3409375 0.40940624999999997 0.32846875 0.40540624999999997 0.32178125 0.39871875 0.31465624999999997 0.396046875 0.3133125 0.39159375 0.31242187499999996 0.389359375 0.31153125 0.38090625 0.30396875 0.3755625 0.299515625 0.3755625 0.30396875 0.37778125 0.31153125 0.38268749999999996 0.317328125 0.38490625 0.31509375 0.38090625 0.32534375 0.376453125 0.33603125 0.374671875 0.35162499999999997 0.376453125 0.35875
27 0.41516666718749995 0.42781250000000004 0.42303125 0.443546875 0.4432604171875 0.440171875 0.45168749999999996 0.43679687500000003 0.45506250000000004 0.44185937500000005 0.5511250000000001 0.408140625 0.54775 0.39971875 0.436515625 0.391296875 0.4073020828125 0.412078125 0.3994375 0.39634375 0.38090625 0.39465625000000004 0.37753125 0.40309375000000003 0.38932812499999997 0.431734375 0.4061875 0.44185937500000005 0.41516666718749995 0.42781250000000004
49 0.9167031250000001 0.28132812500000004 0.9061406249999999 0.242625 0.8864375000000001 0.234875 0.8864375000000001 0.22643749999999999 0.8899531250000001 0.210953125 0.8864375000000001 0.193359375 0.85546875 0.197578125 0.8484375 0.21798437499999998 0.8491406250000001 0.23698437499999997 0.8618124999999999 0.326359375 0.913171875 0.326359375 0.9167031250000001 0.28132812500000004
18 0.622125 0.317734375 0.617703125 0.31846874999999997 0.623609375 0.33434375 0.6224999999999999 0.341359375 0.6269218750000001 0.341359375 0.6306093749999999 0.342828125 0.6427968749999999 0.341359375 0.64353125 0.32659375 0.636515625 0.31846874999999997 0.622125 0.317734375