22 0.3188125 0.651828125 0.3188125 0.69453125 0.563765625 0.6383593750000001 0.54803125 0.59565625 0.3188125 0.651828125
22 0.23781249999999998 0.9977812500000001 0.25815625 0.9977812500000001 0.3044375 0.9991875 0.27918750000000003 0.966921875 0.24693749999999998 0.9192343749999999 0.230796875 0.90240625 0.20765625000000001 0.9164375 0.21396874999999999 0.925546875 0.192234375 0.9374687500000001 0.2125625 0.9977812500000001 0.22659375 0.9977812500000001 0.23781249999999998 0.9977812500000001
49 0.290125 0.157453125 0.29689062499999996 0.18453124999999998 0.199828125 0.23871875 0.181765625 0.3831875 0.18628125 0.446390625 0.238203125 0.54571875 0.226921875 0.76015625 0.24271875 0.751125 0.238203125 0.724046875 0.24271875 0.715015625 0.31946875 0.705984375 0.31721875 0.6540625 0.31043750000000003 0.64503125 0.409765625 0.631484375 0.40750000000000003 0.48928125 0.41428125 0.419296875 0.41879687499999996 0.319984375 0.39846875000000004 0.22065625 0.38493750000000004 0.209375 0.391703125 0.18228125 0.391703125 0.130359375 0.37815625 0.08521875 0.353328125 0.058125 0.342046875 0.049093750000000005 0.321734375 0.051359375 0.29689062499999996 0.060390624999999996 0.29689062499999996 0.06940625 0.3081875 0.06715625 0.294640625 0.10101562500000001 0.287859375 0.10778125000000001 0.287859375 0.128109375 0.290125 0.157453125
26 0.3525 0.720515625 0.333390625 0.716015625 0.309234375 0.723328125 0.30334374999999997 0.73203125 0.29434375 0.734 0.284796875 0.747765625 0.29321875 0.769390625 0.2985625 0.773328125 0.3030625 0.78371875 0.30278125 0.8053437499999999 0.32075 0.81153125 0.34575 0.8092812500000001 0.36457812500000003 0.8050625 0.364859375 0.748890625 0.365421875 0.7281093750000001 0.359234375 0.722484375 0.3525 0.720515625
26 0.7422500000000001 0.27328125000000003 0.751109375 0.272984375 0.7514062499999999 0.26809375 0.751109375 0.26321875 0.742859375 0.2561875 0.742859375 0.25009375 0.718140625 0.24978125 0.7175312500000001 0.27359374999999997 0.717828125 0.27846875 0.74134375 0.27909375000000003 0.7422500000000001 0.27328125000000003
41 0.593453125 0.5998281249999999 0.5842343750000001 0.5917656250000001 0.579625 0.5779375 0.57615625 0.5675625 0.571546875 0.5883125 0.575015625 0.600984375 0.5900000000000001 0.620578125 0.5900000000000001 0.6251875 0.6291875 0.69434375 0.6453125 0.7035625 0.6349375 0.680515625 0.601515625 0.6148125 0.593453125 0.5998281249999999
17 0.516578125 0.835953125 0.543546875 0.8606718750000001 0.581734375 0.892140625 0.613203125 0.896625 0.617703125 0.896625 0.637921875 0.8741562500000001 0.662640625 0.8606718750000001 0.6940937500000001 0.8471875000000001 0.709828125 0.831453125 0.7210625 0.8202187500000001 0.74803125 0.808984375 0.786234375 0.791015625 0.8042187500000001 0.77753125 0.8042187500000001 0.768546875 0.783984375 0.7438125 0.757015625 0.7325781250000001 0.743546875 0.72809375 0.70534375 0.707859375 0.685109375 0.687640625 0.664890625 0.66965625 0.64915625 0.662921875 0.6244375 0.662921875 0.5705 0.67640625 0.5188125 0.6921406250000001 0.43342187499999996 0.712359375 0.39746875 0.72359375 0.413203125 0.7528125 0.45140624999999995 0.791015625 0.44465625 0.782015625 0.480625 0.808984375 0.516578125 0.835953125
49 0.8225625000000001 0.15953124999999999 0.81703125 0.166578125 0.809484375 0.173109375 0.8029531249999999 0.178140625 0.7893749999999999 0.1876875 0.775296875 0.19675 0.765734375 0.2078125 0.758703125 0.22590625000000003 0.75165625 0.245515625 0.75165625 0.260609375 0.75165625 0.272671875 0.7466406250000001 0.28121874999999996 0.737578125 0.305359375 0.72953125 0.350609375 0.735578125 0.353125 0.732046875 0.35564062500000004 0.7250156249999999 0.361671875 0.720984375 0.388328125 0.722 0.44362500000000005 0.732046875 0.47128125 0.730546875 0.48839062499999997 0.7215 0.54871875 0.71596875 0.56984375 0.708421875 0.623140625 0.81603125 0.66990625 0.81803125 0.6533125 0.81703125 0.5954843750000001 0.825 0.583421875 0.825 0.556265625 0.825 0.455703125 0.825 0.356640625 0.825 0.345078125 0.824578125 0.157015625 0.8225625000000001 0.15953124999999999
27 0.72630625 0.63900625 0.723016446875 0.633014803125 0.7171125 0.6376375000000001 0.7157319078125 0.6292055921874999 0.68659375 0.61396875 0.636703125 0.6374375 0.4454010421875 0.9359661453125 0.441456896875 0.9288820046874999 0.28359375 0.797859375 0.2571875 0.743078125 0.23494196406249998 0.7526607140625 0.20528125 0.7654375 0.407140625 0.995671875 0.41139178281250005 0.9890379046875 0.41502476406250005 0.9957535375000001 0.825 1 0.825 0.72840625 0.8176986609375 0.7250524546875 0.825 0.71999375 0.825 0.68634375 0.7303009874999999 0.6368240125 0.72630625 0.63900625
49 0.6581406249999999 0.6494375 0.667140625 0.62696875 0.64690625 0.57078125 0.6828593749999999 0.458421875 0.709828125 0.46067187499999995 0.712078125 0.440453125 0.680625 0.337078125 0.660390625 0.27865625 0.64690625 0.25393750000000004 0.586234375 0.23370312499999998 0.6019687499999999 0.211234375 0.6424218749999999 0.1483125 0.610953125 0.10785937500000001 0.583984375 0.085390625 0.55028125 0.06965625 0.512078125 0.07415625 0.49409375000000005 0.098875 0.47837500000000005 0.139328125 0.476125 0.161796875 0.480625 0.18651562500000002 0.48510937500000006 0.206734375 0.50309375 0.22921874999999997 0.512078125 0.24943749999999998 0.4221875 0.296625 0.40645312499999997 0.514609375 0.41770312499999995 0.633703125 0.59746875 0.6674218749999999 0.610953125 0.67415625 0.6581406249999999 0.6494375
26 0.643578125 0.15242187499999998 0.635203125 0.148984375 0.631765625 0.14996875 0.6283125 0.15390625 0.62290625 0.158328125 0.61896875 0.16471875 0.6165 0.1750625 0.640125 0.1908125 0.647015625 0.1908125 0.654890625 0.1829375 0.656359375 0.17309375 0.648 0.16521875 0.649484375 0.160796875 0.643578125 0.15242187499999998
26 0.749046875 0.116109375 0.740890625 0.11484375 0.73634375 0.10614062500000002 0.73090625 0.1065 0.7258281249999999 0.109765625 0.7261875 0.1119375 0.72003125 0.117921875 0.71640625 0.127359375 0.71803125 0.137515625 0.724015625 0.13968750000000002 0.722203125 0.14059375000000002 0.746140625 0.14059375000000002 0.7503124999999999 0.13425 0.75303125 0.12246874999999999 0.749046875 0.116109375
26 0.711609375 0.1698125 0.714078125 0.17825 0.7207656250000001 0.183890625 0.734484375 0.19232812500000002 0.742234375 0.189171875 0.74715625 0.182828125 0.7492656249999999 0.172984375 0.742578125 0.16804687499999998 0.73765625 0.163828125 0.73659375 0.157484375 0.730609375 0.15326562500000002 0.726390625 0.15503125 0.7200624999999999 0.16065625 0.7154843750000001 0.163828125 0.711609375 0.1698125
26 0.7720625 0.166875 0.77009375 0.17178125 0.768609375 0.179171875 0.768609375 0.1860625 0.775015625 0.18753124999999998 0.7814062500000001 0.18753124999999998 0.788796875 0.18753124999999998 0.7917500000000001 0.18753124999999998 0.7951875 0.18162499999999998 0.796171875 0.175234375 0.794203125 0.166875 0.79125 0.16243749999999998 0.7907656249999999 0.158015625 0.7873125 0.151125 0.782390625 0.151609375 0.7789531249999999 0.15703125 0.7794375 0.16243749999999998 0.7799375000000001 0.16243749999999998 0.775015625 0.16440625 0.7720625 0.166875
26 0.49924999999999997 0.21937500000000001 0.49540625 0.21937500000000001 0.49265625 0.21937500000000001 0.490453125 0.22157812500000001 0.48550000000000004 0.22515625 0.48082812500000005 0.23339062500000002 0.48687500000000006 0.24 0.5003437500000001 0.2531875 0.5094218749999999 0.24851562500000002 0.512171875 0.2435625 0.511890625 0.23504687500000002 0.50171875 0.22653125 0.502 0.22625 0.502 0.220203125 0.49924999999999997 0.21937500000000001
26 0.45025000000000004 0.236828125 0.452171875 0.23984375 0.4579375 0.242046875 0.474703125 0.253046875 0.47965625 0.24920312500000003 0.48432812500000005 0.24562499999999998 0.48707812500000003 0.240125 0.48020312499999995 0.23325 0.48020312499999995 0.231875 0.473890625 0.226375 0.473890625 0.21978124999999998 0.46784375 0.2145625 0.463984375 0.21428124999999998 0.46206250000000004 0.21703125 0.461796875 0.21978124999999998 0.4579375 0.2228125 0.45409375 0.226375 0.45106250000000003 0.23078125 0.45025000000000004 0.236828125
26 0.44820312500000004 0.18634375 0.44820312500000004 0.18934375 0.4490625 0.190625 0.45184375 0.19232812500000002 0.46792187500000004 0.207109375 0.473703125 0.20626562499999998 0.47884374999999996 0.20154687500000001 0.476265625 0.19832812500000002 0.47540625 0.194046875 0.47734375 0.18934375 0.4775625 0.185265625 0.47284375 0.18140625 0.47326562499999997 0.17390624999999998 0.470703125 0.171125 0.46662499999999996 0.167921875 0.463421875 0.1670625 0.46148437500000006 0.168125 0.46042187500000004 0.169421875 0.46084375 0.171984375 0.4565625 0.173265625 0.4520625 0.17690625 0.44885937499999995 0.182046875 0.44820312500000004 0.18634375
26 0.4065625 0.250859375 0.4150625 0.244046875 0.41753125 0.24329687500000002 0.423765625 0.239703125 0.423953125 0.23421875 0.421875 0.23139062500000002 0.41828125 0.22590625000000003 0.412796875 0.220796875 0.409765625 0.22004687500000003 0.408265625 0.220796875 0.40750000000000003 0.217203125 0.40371875 0.2160625 0.401265625 0.2160625 0.39860937500000004 0.217578125 0.39521875 0.22135937499999997 0.39464062499999997 0.224953125 0.39671875 0.2300625 0.3988125 0.232140625 0.40278125 0.239703125 0.4065625 0.250859375