62 0.6507968749999999 0.188890625 0.653234375 0.17890625 0.65303125 0.168109375 0.614953125 0.16729687499999998 0.6092500000000001 0.176046875 0.6116875 0.189703125 0.625953125 0.19946875 0.6389843749999999 0.20070312499999998 0.6507968749999999 0.188890625
67 0.611609375 0.362421875 0.628421875 0.37725 0.6333593750000001 0.3604375 0.6251171875 0.31840625 0.636328125 0.308015625 0.6491875 0.273390625 0.6620468749999999 0.26053125 0.673921875 0.242734375 0.682828125 0.211078125 0.6838124999999999 0.16953125 0.653140625 0.167546875 0.655125 0.1784375 0.6501875 0.19228125000000001 0.6343593750000001 0.19821875 0.622484375 0.19821875 0.625453125 0.224921875 0.6274375 0.28526562499999997 0.62346875 0.31 0.611609375 0.362421875
49 0.09784375 0.5717187499999999 0.100171875 0.593921875 0.12237499999999998 0.59275 0.12354687499999999 0.585734375 0.127046875 0.554203125 0.148078125 0.539015625 0.16209374999999998 0.52615625 0.163265625 0.505140625 0.15975 0.495796875 0.15275 0.47009375000000003 0.145734375 0.44671874999999994 0.14456249999999998 0.437375 0.12821875 0.4186875 0.12003124999999999 0.39415625 0.099015625 0.3918125 0.083828125 0.4 0.0885 0.411671875 0.09667187499999999 0.429203125 0.0885 0.44556250000000003 0.0698125 0.46425 0.07681249999999999 0.47125000000000006 0.072140625 0.493453125 0.06396874999999999 0.5133125 0.035921875 0.5378437500000001 0.020734375 0.565875 0.00671875 0.5810625 0.030093750000000002 0.58925 0.04059375 0.593921875 0.055781250000000004 0.55653125 0.09784375 0.5717187499999999
49 0 0.516546875 0.004234375 0.52990625 0.019078125 0.532140625 0.033937499999999995 0.52990625 0.041359375 0.526203125 0.05175 0.5143125000000001 0.04878125 0.50540625 0.0465625 0.495015625 0.048046875 0.481640625 0.04878125 0.47273437500000004 0.052500000000000005 0.459359375 0.05546875 0.450453125 0.048046875 0.446734375 0.035421875000000005 0.44006249999999997 0.03021875 0.428921875 0.02946875 0.41778125 0.03021875 0.40440624999999997 0.014624999999999999 0.39328124999999997 0 0.4021875 0 0.43189062500000003 0 0.478671875 0 0.516546875
8 0.1255 0.40173437500000003 0.1255 0.420296875 0.148171875 0.440921875 0.147140625 0.46876562499999996 0.250265625 0.469796875 0.25851562499999997 0.46154687499999997 0.27604687499999997 0.44504687499999995 0.291515625 0.45639062499999994 0.29667187500000003 0.451234375 0.315234375 0.438859375 0.280171875 0.42957812500000003 0.309046875 0.39245312499999996 0.329671875 0.39864062499999997 0.35028125 0.41823437500000005 0.3678125 0.439890625 0.3884375 0.42957812500000003 0.38740625 0.411015625 0.34821875 0.405859375 0.34821875 0.39864062499999997 0.36678125 0.395546875 0.36884375 0.35121875 0.12446874999999999 0.34915625 0.1193125 0.379046875 0.1234375 0.39245312499999996 0.1255 0.40173437500000003
8 0.24876562500000002 0.472171875 0.147609375 0.47021875 0.162625 0.5100156250000001 0.233109375 0.511328125 0.24876562500000002 0.472171875
8 0.25910937500000003 0.31765625000000003 0.255078125 0.297515625 0.112546875 0.2926875 0.11576562500000001 0.301546875 0.1326875 0.33859374999999997 0.07228124999999999 0.34503125 0.2438125 0.3474375 0.23735937499999998 0.32328125 0.25910937500000003 0.31765625000000003
49 0.8713906250000001 0.433125 0.8707499999999999 0.4109375 0.859 0.39853125 0.843328125 0.38221875 0.84659375 0.367859375 0.843984375 0.35546875 0.8348437499999999 0.345015625 0.8191875 0.34240624999999997 0.80353125 0.352203125 0.80221875 0.361328125 0.805484375 0.37178125 0.804828125 0.384171875 0.8100468749999999 0.40179687499999994 0.7904687499999999 0.41420312499999995 0.772203125 0.44160937499999997 0.78590625 0.44160937499999997 0.868140625 0.43703125 0.8713906250000001 0.433125
49 0.9065625 0.392109375 0.90003125 0.4014375 0.895359375 0.41918749999999994 0.896296875 0.43785937500000005 0.9980625 0.43039062499999997 0.9980625 0.42759375000000005 0.9947968749999999 0.41918749999999994 0.986390625 0.40471874999999996 0.9765937499999999 0.39070312500000004 0.963515625 0.376703125 0.956984375 0.367828125 0.9504531249999999 0.34915625 0.9355156250000001 0.33795312499999997 0.9187031250000001 0.33234375 0.9047031249999999 0.33795312499999997 0.90003125 0.353828125 0.902359375 0.374359375 0.90003125 0.3725 0.905625 0.3795 0.9065625 0.392109375
49 0.8449843749999999 0.36409375 0.84165625 0.382484375 0.86421875 0.40421874999999996 0.8692187499999999 0.432625 0.8901249999999999 0.43429687499999997 0.89346875 0.417578125 0.8884531250000001 0.388328125 0.890953125 0.373296875 0.892625 0.3490625 0.8825937500000001 0.3356875 0.859203125 0.3223125 0.859203125 0.29640625 0.852515625 0.283875 0.83078125 0.27718750000000003 0.8182499999999999 0.28721874999999997 0.81740625 0.3089375 0.8274374999999999 0.330671875 0.82409375 0.331515625 0.823265625 0.346546875 0.826609375 0.342375 0.839140625 0.34571874999999996 0.8449843749999999 0.36409375
49 0.8673125 0.50265625 0.8636874999999999 0.48721875 0.8536875 0.4726875 0.8309843750000001 0.47450000000000003 0.82190625 0.48540625000000004 0.8200937500000001 0.507203125 0.8264531249999999 0.522640625 0.8355312500000001 0.52809375 0.8364375000000001 0.532625 0.8091875 0.549890625 0.8046562500000001 0.5644218750000001 0.8100937500000001 0.593484375 0.8200937500000001 0.641609375 0.840984375 0.682484375 0.840984375 0.71790625 0.834625 0.7342500000000001 0.84825 0.8014531249999999 0.85459375 0.792375 0.851875 0.7633125 0.8673125 0.760578125 0.873671875 0.830515625 0.889109375 0.830515625 0.900015625 0.77784375 0.8945624999999999 0.756046875 0.8854843750000001 0.673390625 0.9009218750000001 0.621625 0.900015625 0.613453125 0.887296875 0.55625 0.870953125 0.535359375 0.86459375 0.53171875 0.8573281250000001 0.519921875 0.8673125 0.50265625
49 0.098953125 0.30134375 0.10495312500000001 0.278859375 0.094453125 0.263859375 0.07646875 0.266859375 0.07046875 0.28185937499999997 0.07046875 0.30884375 0.049484375000000004 0.323828125 0.044984375 0.34182812500000004 0.046484375 0.3793125 0.11095312500000001 0.3778125 0.1229375 0.3718125 0.12593749999999998 0.320828125 0.098953125 0.30134375
49 0.8644375 0.308296875 0.8743437500000001 0.307 0.879515625 0.308296875 0.8971562499999999 0.3074375 0.9018906250000001 0.302265625 0.91309375 0.2919375 0.906640625 0.2531875 0.902765625 0.24156249999999999 0.9018906250000001 0.2376875 0.8915625 0.23381249999999998 0.890265625 0.22390625000000003 0.88984375 0.21573437499999998 0.888984375 0.21012499999999998 0.8868281250000001 0.20754687500000002 0.874765625 0.2066875 0.8640156250000001 0.20754687500000002 0.85453125 0.20970312500000002 0.8553906250000001 0.22174999999999997 0.857984375 0.22735937499999997 0.8657343750000001 0.242 0.8592656249999999 0.24500000000000002 0.856265625 0.279875 0.856265625 0.288921875 0.861 0.30528125 0.8644375 0.308296875
49 0.9475625000000001 0.280359375 0.958046875 0.256359375 0.9415625000000001 0.230875 0.9190625000000001 0.232375 0.913078125 0.251859375 0.9265625 0.28185937499999997 0.898078125 0.30884375 0.9325625000000001 0.334328125 0.959546875 0.317828125 0.959546875 0.280359375 0.9475625000000001 0.280359375
49 0.06596874999999999 0.230875 0.038984375 0.21589062499999997 0.029984375 0.22937500000000002 0.035984375 0.260859375 0.0165 0.275859375 0.025484374999999997 0.28334375 0.0165 0.31184375000000003 0.046484375 0.325328125 0.06746875 0.31034375000000003 0.07646875 0.265359375 0.05996875 0.250359375 0.06596874999999999 0.230875
49 0.41968750000000005 0.38298437500000004 0.42575 0.38996875000000003 0.42575 0.39835937499999996 0.428546875 0.40207812499999995 0.4453125 0.406734375 0.46534375 0.40393749999999995 0.47512499999999996 0.4006875 0.483515625 0.397890625 0.48584375 0.387640625 0.486765625 0.37646875 0.486296875 0.366671875 0.4844375 0.358296875 0.482578125 0.350375 0.47698437499999996 0.343390625 0.471859375 0.337328125 0.45695312499999996 0.333609375 0.458359375 0.327078125 0.458828125 0.31637499999999996 0.458359375 0.304734375 0.447640625 0.299609375 0.43925000000000003 0.3000625 0.43134375 0.303328125 0.42575 0.31171875 0.42015624999999995 0.319625 0.418765625 0.32801562500000003 0.42248437499999997 0.339203125 0.428546875 0.3461875 0.43040625 0.35084375 0.422953125 0.353171875 0.412703125 0.3564375 0.408046875 0.366671875 0.408984375 0.376 0.408046875 0.37692187499999996 0.412234375 0.378328125 0.41968750000000005 0.38298437500000004
49 0.42170312499999996 0.418265625 0.422875 0.391109375 0.392171875 0.373390625 0.38153125 0.385203125 0.38153125 0.3981875 0.390984375 0.42890625 0.3661875 0.43953125000000004 0.34728125 0.46196875000000004 0.4346875 0.459609375 0.43704687499999995 0.4454375 0.42170312499999996 0.418265625
49 0.48384375 0.19396875 0.49021875000000004 0.2055625 0.487484375 0.209203125 0.47885937500000003 0.220796875 0.47885937500000003 0.22374999999999998 0.481125 0.22896875 0.48362499999999997 0.228515625 0.489078125 0.22465625 0.49271875 0.219875 0.49679687499999997 0.20715625000000001 0.502484375 0.206921875 0.5029375 0.2205625 0.50453125 0.22875 0.509078125 0.247609375 0.49043749999999997 0.24306250000000001 0.48884375 0.2441875 0.48384375 0.24851562500000002 0.48203125 0.25578124999999996 0.494296875 0.26396875 0.496125 0.265328125 0.4954375 0.271015625 0.5038437499999999 0.26623437499999997 0.5129374999999999 0.262609375 0.515890625 0.266015625 0.51953125 0.27532812500000003 0.534078125 0.291234375 0.524296875 0.29828125 0.5227031249999999 0.301453125 0.52134375 0.31237499999999996 0.516125 0.32328125 0.51134375 0.32759375 0.508390625 0.329640625 0.49976562500000005 0.3353125 0.49293750000000003 0.34373437500000004 0.48862500000000003 0.36145312500000004 0.48862500000000003 0.373046875 0.48953125000000003 0.397125 0.50203125 0.4214375 0.50453125 0.427578125 0.50453125 0.43553125000000004 0.506796875 0.443484375 0.505671875 0.44848437499999994 0.505671875 0.454171875 0.508171875 0.47279687499999995 0.51725 0.475078125 0.5227031249999999 0.48439062499999996 0.5227031249999999 0.48939062499999997 0.5317968750000001 0.5130312499999999 0.5379375 0.52415625 0.542703125 0.5289375 0.5504374999999999 0.531203125 0.5554375 0.5316562499999999 0.563609375 0.5314375 0.567484375 0.524609375 0.58565625 0.4989375 0.59225 0.48939062499999997 0.59384375 0.49325 0.59475 0.5021093750000001 0.598609375 0.52165625 0.597703125 0.5227968749999999 0.595875 0.5250625 0.5863437499999999 0.536203125 0.58496875 0.550296875 0.58496875 0.5584687500000001 0.582015625 0.57665625 0.58134375 0.578703125 0.57884375 0.586875 0.57725 0.594609375 0.570890625 0.60665625 0.5686093750000001 0.61278125 0.564984375 0.6230156250000001 0.54453125 0.663453125 0.5317968750000001 0.69778125 0.53065625 0.7105 0.5254375 0.7493593749999999 0.51725 0.77140625 0.51634375 0.7784375 0.5058906249999999 0.807984375 0.49679687499999997 0.8266249999999999 0.49589062500000003 0.83359375 0.49703125000000004 0.83359375 0.498171875 0.83359375 0.53203125 0.83359375 0.559296875 0.83359375 0.5615625 0.821390625 0.566796875 0.81684375 0.577703125 0.7948125 0.58175 0.7929062499999999 0.600375 0.76428125 0.61128125 0.7485937500000001 0.62628125 0.7426875 0.6403749999999999 0.724046875 0.6480937499999999 0.724046875 0.654921875 0.714515625 0.673328125 0.7015625 0.689453125 0.67815625 0.7010468750000001 0.66178125 0.711046875 0.6951875000000001 0.7146874999999999 0.70246875 0.71309375 0.7108749999999999 0.7126406249999999 0.721328125 0.713546875 0.7308749999999999 0.726046875 0.732921875 0.7271875 0.733140625 0.734 0.734734375 0.747859375 0.7408750000000001 0.752640625 0.744734375 0.7692187500000001 0.78790625 0.785578125 0.8213125 0.785578125 0.8226718749999999 0.7849062499999999 0.830859375 0.7849062499999999 0.83359375 0.8497187500000001 0.83359375 0.846078125 0.814578125 0.8399374999999999 0.782078125 0.837890625 0.745953125 0.835171875 0.7307187500000001 0.8376718750000001 0.727765625 0.8399374999999999 0.7209531250000001 0.839265625 0.7098125 0.8399374999999999 0.6891406250000001 0.8301718749999999 0.666875 0.8224375 0.647546875 0.8199375 0.62846875 0.8192656250000001 0.615734375 0.8176718749999999 0.608015625 0.8138125 0.6021093750000001 0.8133593749999999 0.59028125 0.8117656249999999 0.583015625 0.8035781249999999 0.576875 0.8040312500000001 0.566875 0.79903125 0.547796875 0.8013125000000001 0.541890625 0.801984375 0.530296875 0.80040625 0.522109375 0.79471875 0.51803125 0.79540625 0.51075 0.79403125 0.48803124999999997 0.7795 0.45893750000000005 0.7738125 0.444171875 0.7645 0.41576562499999997 0.7485937500000001 0.38371875 0.7401875 0.365546875 0.742 0.364640625 0.76109375 0.363046875 0.76790625 0.360765625 0.77471875 0.34440624999999997 0.771765625 0.33418749999999997 0.76109375 0.322359375 0.761765625 0.321234375 0.764953125 0.31690625 0.7654062500000001 0.30759375 0.75609375 0.299875 0.744046875 0.295546875 0.736765625 0.286015625 0.71178125 0.26146875 0.696546875 0.248734375 0.669046875 0.2330625 0.6576875 0.22578125 0.647921875 0.22374999999999998 0.62928125 0.228515625 0.6215625 0.23078125 0.6088281249999999 0.243734375 0.606796875 0.234421875 0.6065625 0.22396875 0.60996875 0.218515625 0.605421875 0.20010937499999998 0.6061093750000001 0.19646875 0.60315625 0.180796875 0.59746875 0.16640625 0.5547500000000001 0.16640625 0.482484375 0.16640625 0.47726562499999997 0.16640625 0.482265625 0.187390625 0.48384375 0.19396875
49 0.7671875 0.42265625 0.7796875 0.42265625 0.7953125 0.41171875 0.803125 0.40390625 0.80625 0.39609375 0.803125 0.35546875 0.809375 0.34765625 0.815625 0.3309895828125 0.812053571875 0.32109375 0.81875 0.32265625 0.878125 0.32109375 0.8765625 0.33359375 0.884375 0.33828125 0.8859375 0.34140625 0.88125 0.3424479171875 0.88359375 0.35078125 0.8890625 0.34453125 0.8921875 0.34921875 0.8921875 0.35546875 0.8859375 0.3591145828125 0.890625 0.37578125 0.8890625 0.39296875 0.8921875 0.41171875 0.898046875 0.412890625 0.8953125 0.42109375 0.9578125 0.36953125 0.9713541671874999 0.38515625 0.9953125 0.41796875 0.9984375 0.41484375 0.9942307687499999 0.4082331734375 0.9895833328125001 0.4096354171875 0.9900240390624999 0.40162259687499996 0.9838541671875 0.40130208281249996 0.9858173078125001 0.39501201875 0.978125 0.39296875 0.9816105765625001 0.3884014421875 0.9605769234375 0.3553485578125 0.95390625 0.359375 0.95 0.34921875 0.9563701921875 0.34873798125 0.94375 0.32890625 0.9446875 0.32421875 0.9535857375000001 0.3270633015625 0.9515625 0.32421875 0.95140625 0.31953125 0.9546875 0.32109375 0.9592147437499999 0.318609775 0.959375 0.30859375 0.96484375 0.31015625 0.9984375 0.28671875 0.9890625 0.27734375 0.98125 0.27421875 0.965625 0.27421875 0.959375 0.28046875 0.9546875 0.27890625 0.8920454546875 0.3134232953125 0.890625 0.31015625 0.884375 0.31328125 0.8850852265625001 0.3172585234375 0.869866071875 0.32109375 0.8203125 0.32109375 0.81796875 0.3140625 0.8171875 0.30546875 0.8046875 0.29296875 0.7890625 0.29296875 0.7734375 0.30234375 0.76796875 0.31171875 0.770758928125 0.32109375 0.7625 0.32109375 0.7153963421875 0.31377667656249997 0.7578125 0.36484375 0.7546875 0.37578125 0.7578125 0.38046875 0.7515625 0.38515625 0.7515625 0.38984375 0.7671875 0.42265625
49 0.435216346875 0.276782853125 0.4359375 0.28515625 0.42980769218750003 0.28247195468749997 0.41358173125000003 0.2995392625 0.409375 0.30234375 0.4081730765625 0.305228365625 0.40276442343749996 0.3109174671875 0.4 0.3015625 0.390625 0.30078125 0.384375 0.30390625 0.359375 0.33671875 0.3453125 0.35078125 0.340625 0.36015625 0.34867788437499997 0.36780849375 0.340625 0.36875 0.34326923125 0.373497596875 0.340625 0.37734375 0.33245192343749996 0.3848758015625 0.3296875 0.38359375 0.32704326875 0.390564903125 0.321634615625 0.39625400625 0.31953125 0.38359375 0.309375 0.38359375 0.3 0.38984375 0.28875 0.41984374999999996 0.294591346875 0.42469951874999995 0.2891826921875 0.430388621875 0.2859375 0.42734375 0.2837740390625 0.43607772499999997 0.28072916718749996 0.43515625 0.27836538437499997 0.4417668265625 0.2755208328125 0.44296875 0.2703125 0.45078125 0.2675480765625 0.45314503281249996 0.2625 0.45390625 0.26213942343749996 0.458834134375 0.25673076875 0.4645232375 0.2546875 0.4609375 0.251322115625 0.47021233906250004 0.246875 0.46796875 0.2459134609375 0.4759014421875 0.24375 0.47578125 0.2405048078125 0.48159054531249995 0.240625 0.48359375 0.2359375 0.48515625 0.0796052625 0.36344572343750003 0.031578946875 0.3219983546875 0.0270833328125 0.32473958281250004 0.0265625 0.31640625 0.025575657812500003 0.316817434375 0.01957236875 0.3116365125 0.01875 0.30078125 0.0135690796875 0.30645559218749996 0.0109375 0.29609375 0.0075657890625 0.3012746703125 0.0015625 0.29609375 0.0015625 0.39296875 0.0046875 0.39765625 0.015625 0.39453125 0.0265625 0.40234375 0.034375 0.40234375 0.0453125 0.39296875 0.0484375 0.38515625 0.046875 0.36796875 0.085608553125 0.3686266453125 0.2296875 0.49296875 0.228125 0.49765625 0.2338541671875 0.5044270828124999 0.228125 0.51015625 0.2328125 0.51953125 0.24375 0.52578125 0.25625 0.54140625 0.265625 0.54609375 0.284375 0.54609375 0.29375 0.54140625 0.309375 0.52578125 0.3234375 0.51953125 0.3296875 0.51328125 0.3359375 0.49921875 0.3390625 0.48046875 0.34609375 0.47265625 0.35 0.46328125 0.353125 0.46484375 0.35703125 0.4515625 0.3640625 0.44296875 0.3640625 0.42890625 0.3609375 0.41953125 0.34375 0.40078125 0.3421875 0.39609375 0.3484375 0.38984375 0.3515625 0.39140625 0.38125 0.39296875 0.3828125 0.38515625 0.390625 0.37578125 0.4015625 0.37890625 0.4078125 0.37265625 0.4125 0.35703125 0.4171875 0.35546875 0.4171875 0.34453125 0.4203125 0.33671875 0.4203125 0.31796875 0.4171875 0.31015625 0.4375 0.30234375 0.4390625 0.30078125 0.4359375 0.29765625 0.4435546875 0.2943359375 0.45 0.30078125 0.4578125 0.30546875 0.4578125 0.33515625 0.471875 0.33828125 0.484375 0.35390625 0.503125 0.33359375 0.515625 0.32421875 0.525 0.29921875 0.5328125 0.29296875 0.683993903125 0.308898628125 0.5348323171875 0.285727896875 0.53125 0.28828125 0.5269817078125001 0.284508384375 0.519131096875 0.283288871875 0.5203125 0.27734375 0.515625 0.26640625 0.5125 0.26328125 0.5078125 0.26484375 0.503125 0.24609375 0.4953125 0.24296875 0.478125 0.24296875 0.4609375 0.24765625 0.45 0.25703125 0.4453125 0.2640625 0.448475609375 0.2723132625 0.440625 0.27109375 0.435216346875 0.276782853125