16 0.38378125 0.6221875 0.72559375 0.629671875 0.755578125 0.6461718750000001 0.796046875 0.641671875 0.8155468750000001 0.6146874999999999 0.8905 0.6281718749999999 0.9684531249999999 0.6131875 0.95046875 0.3973125 0.7705625 0.373328125 0.26384375000000004 0.3793125 0.05546875 0.3808125 0.040484375 0.55771875 0.05546875 0.640171875 0.26834375 0.637171875 0.314828125 0.66415625 0.358296875 0.652171875 0.38378125 0.6221875
49 0.662609375 0.582328125 0.670875 0.565234375 0.673640625 0.547046875 0.679703125 0.53821875 0.673078125 0.5277499999999999 0.6615 0.5255468750000001 0.659296875 0.53215625 0.6576562499999999 0.54153125 0.65434375 0.53821875 0.653234375 0.5211406249999999 0.652140625 0.512859375 0.64221875 0.5123125 0.6339375 0.520578125 0.6339375 0.5310625 0.636140625 0.5409843750000001 0.6345 0.5442812499999999 0.6284375 0.560828125 0.624578125 0.583421875 0.624015625 0.608796875 0.624578125 0.6203593749999999 0.6615 0.62146875 0.66315625 0.60603125 0.66315625 0.59721875 0.662609375 0.582328125
49 0.61103125 0.52878125 0.619765625 0.531171875 0.621359375 0.528390625 0.628109375 0.526015625 0.6285000000000001 0.529984375 0.631671875 0.533953125 0.63365625 0.533953125 0.63365625 0.529578125 0.63525 0.5224375 0.6388281250000001 0.51728125 0.6431875 0.512515625 0.6463593750000001 0.5089375 0.6523125000000001 0.49821875000000004 0.653109375 0.49623437499999995 0.6475625 0.4886875 0.6447812500000001 0.48432812500000005 0.6443749999999999 0.48909375 0.6431875 0.49821875000000004 0.640015625 0.504171875 0.63525 0.510921875 0.629296875 0.5148906249999999 0.62453125 0.51409375 0.62453125 0.50496875 0.61896875 0.498609375 0.611421875 0.498609375 0.60825 0.504171875 0.607859375 0.51171875 0.6094375000000001 0.519265625 0.6014999999999999 0.526015625 0.60546875 0.533953125 0.6074531249999999 0.532359375 0.61103125 0.52878125
49 0.336421875 0.4475625 0.333890625 0.442484375 0.333890625 0.42979687499999997 0.33034375 0.42270312499999996 0.319171875 0.42575 0.32221875 0.43792187499999996 0.314109375 0.44857812499999994 0.32221875 0.45415625000000004 0.32628124999999997 0.47242187500000005 0.3288125 0.47190624999999997 0.336421875 0.469375 0.336421875 0.4475625
49 0.578359375 0.5273125000000001 0.5894999999999999 0.5217343750000001 0.601078125 0.524734375 0.601078125 0.517015625 0.599796875 0.503734375 0.594640625 0.49731249999999994 0.5929375 0.48873437500000005 0.59121875 0.49515624999999996 0.593359375 0.50715625 0.58821875 0.508015625 0.5894999999999999 0.5020156250000001 0.588640625 0.49173437499999995 0.585640625 0.485734375 0.5775 0.485734375 0.573640625 0.49515624999999996 0.574078125 0.5007343750000001 0.57621875 0.5097343750000001 0.569796875 0.5123125 0.56421875 0.5183125000000001 0.566359375 0.53459375 0.5689375 0.534171875 0.577078125 0.5333125 0.578359375 0.5273125000000001
49 0.6245625 0.5847187500000001 0.619609375 0.57534375 0.6218125 0.567078125 0.619046875 0.558796875 0.61575 0.5505312499999999 0.608578125 0.5472187500000001 0.603609375 0.549984375 0.59975 0.556046875 0.600859375 0.5709375 0.597 0.574796875 0.5914843750000001 0.57975 0.5936874999999999 0.586921875 0.597546875 0.597390625 0.59975 0.606765625 0.6003125 0.62165625 0.6019687499999999 0.62165625 0.6245625 0.62440625 0.6245625 0.5847187500000001
49 0.610703125 0.440078125 0.60609375 0.42546875 0.605328125 0.416234375 0.59609375 0.41315625 0.5945625 0.42623437500000005 0.5914843750000001 0.43315625 0.59071875 0.442375 0.5914843750000001 0.44929687500000004 0.589171875 0.4600625 0.5899375 0.474671875 0.60609375 0.47390625000000003 0.6099375 0.46929687500000006 0.607625 0.4546875 0.610703125 0.440078125
49 0.59478125 0.597171875 0.590609375 0.584640625 0.5839218749999999 0.582125 0.57640625 0.5812968749999999 0.571390625 0.587984375 0.565546875 0.59884375 0.57221875 0.608875 0.5755625 0.6230781249999999 0.600640625 0.6205625 0.599796875 0.608875 0.59478125 0.597171875
49 0.64778125 0.419484375 0.6430625 0.41690625 0.63790625 0.419484375 0.63746875 0.42334375 0.638765625 0.424203125 0.641765625 0.44139062500000004 0.6447812500000001 0.43709375 0.6495 0.42935937500000004 0.64778125 0.419484375
49 0.54625 0.571203125 0.5515 0.56165625 0.554875 0.5564218750000001 0.552109375 0.5518125 0.5515 0.545953125 0.5551875 0.5413281249999999 0.561046875 0.535171875 0.5604218750000001 0.529015625 0.5591875 0.524703125 0.5564218750000001 0.518859375 0.54440625 0.516703125 0.542875 0.5213125 0.54040625 0.5253125 0.537640625 0.5357968750000001 0.5385625 0.5425625000000001 0.533625 0.546578125 0.5299375000000001 0.5524218750000001 0.541640625 0.5564218750000001 0.54503125 0.563515625 0.54625 0.571203125
49 0.5642031249999999 0.593796875 0.5606718749999999 0.583890625 0.547921875 0.58671875 0.5458125 0.5959218749999999 0.5472187500000001 0.607953125 0.5394375 0.6256406250000001 0.5726875 0.62421875 0.567734375 0.6022968750000001 0.5642031249999999 0.593796875
22 0.21734375 0.472125 0.216203125 0.463046875 0.21128125 0.456625 0.207125 0.45321875 0.198421875 0.45359375 0.19653125 0.458125 0.2006875 0.466828125 0.20182812499999997 0.477046875 0.20334375 0.47818750000000004 0.21734375 0.477421875 0.21734375 0.472125
49 0.7006249999999999 0.44079687500000003 0.693453125 0.42756249999999996 0.69234375 0.4181875 0.68078125 0.415984375 0.678015625 0.42865624999999996 0.6730625 0.434171875 0.67746875 0.44740624999999995 0.6835312499999999 0.458984375 0.6879375 0.45953125000000006 0.69234375 0.47553124999999996 0.70228125 0.47221875 0.7017187500000001 0.454578125 0.7006249999999999 0.44079687500000003
49 0.531421875 0.6109375 0.51865625 0.582296875 0.515234375 0.5785625 0.5133593750000001 0.56796875 0.511796875 0.5614375 0.511796875 0.554265625 0.5105625 0.553015625 0.510875 0.54865625 0.5093125 0.5418125 0.51025 0.536828125 0.497484375 0.5290468749999999 0.48845312500000004 0.5324687499999999 0.485328125 0.5427500000000001 0.487515625 0.558 0.486890625 0.55925 0.48190625000000004 0.54990625 0.479421875 0.54896875 0.48034375 0.554265625 0.478484375 0.554890625 0.475984375 0.5667187499999999 0.48065625 0.56796875 0.48284374999999996 0.5754374999999999 0.49312500000000004 0.5944375 0.4925 0.6115625 0.49623437499999995 0.624953125 0.5273749999999999 0.624953125 0.5292343749999999 0.615609375 0.531421875 0.6109375
22 0.159671875 0.470921875 0.159046875 0.46753125000000006 0.155984375 0.46446875 0.15137499999999998 0.45893750000000005 0.1403125 0.45248437499999994 0.136015625 0.45248437499999994 0.13203125 0.456171875 0.13509374999999998 0.46539062500000006 0.1369375 0.47859375000000004 0.15996875 0.48012499999999997 0.15996875 0.47675 0.159671875 0.470921875
49 0.60403125 0.534484375 0.604359375 0.5393749999999999 0.60696875 0.54784375 0.61153125 0.5485 0.6154375 0.552734375 0.617078125 0.55925 0.618703125 0.5654375 0.62 0.570984375 0.6196875000000001 0.57521875 0.62 0.581078125 0.624234375 0.586296875 0.6252187499999999 0.5840156249999999 0.626515625 0.5739062500000001 0.6291249999999999 0.5621875000000001 0.634671875 0.54034375 0.6336875 0.5348124999999999 0.631734375 0.53415625 0.6304375 0.530578125 0.62815625 0.5253593750000001 0.624234375 0.523078125 0.620328125 0.520796875 0.613484375 0.521125 0.60990625 0.5253593750000001 0.610875 0.5331718750000001 0.60696875 0.5312187500000001 0.6046875 0.531875 0.60403125 0.534484375
49 0.2546875 0.4765625 0.259375 0.48125 0.309375 0.48125 0.3140625 0.475 0.3109375 0.4546875 0.30625 0.4453125 0.30625 0.440625 0.3109375 0.434375 0.4578125 0.4515625 0.4635416671875 0.45798611093749997 0.465625 0.45625 0.4703125 0.459375 0.4692708328125 0.46440972187499996 0.509375 0.509375 0.503125 0.51875 0.503125 0.5328125 0.509375 0.5375 0.515625 0.5796875 0.53125 0.6109375 0.528125 0.621875 0.521875 0.625 0.521875 0.6296875 0.5265625 0.634375 0.5375 0.634375 0.540625 0.6265625 0.54375 0.628125 0.54375 0.61484375 0.546875 0.60625 0.565625 0.5984375 0.5765625 0.5828125 0.590625 0.584375 0.5921875 0.5796875 0.6 0.571875 0.6 0.5640625 0.596875 0.559375 0.5984375 0.553125 0.6046875 0.5484375 0.6015625 0.525 0.5875 0.5234375 0.58125 0.5265625 0.5796875 0.5375 0.575 0.5375 0.5625 0.53125 0.5609375 0.5265625 0.5671875 0.515625 0.565625 0.503125 0.5609375 0.496875 0.553125 0.496875 0.5546875 0.4765625 0.55 0.4703125 0.540625 0.4703125 0.5359375 0.475 0.53125 0.4921875 0.5236979171875 0.49296875 0.4953125 0.465625 0.5015625 0.4609375 0.5046875 0.45 0.5046875 0.4421875 0.5399671046875001 0.42804276249999995 0.6125 0.4265625 0.6078125 0.4546875 0.6125 0.4734375 0.6234375 0.4734375 0.628125 0.4671875 0.64375 0.475 0.6671875 0.4734375 0.6734375 0.4765625 0.6875 0.4765625 0.690625 0.4734375 0.6890625 0.4640625 0.6796875 0.453125 0.6734375 0.4359375 0.675 0.4234375 0.665625 0.409375 0.6546875 0.409375 0.65 0.4140625 0.6484375 0.4234375 0.6390625 0.4265625 0.6359375 0.421875 0.6171875 0.421875 0.5319078953124999 0.4282072375 0.499671053125 0.42886513125 0.4984375 0.434375 0.4916118421875 0.42902960468750007 0.4890625 0.43203125 0.48355263125 0.4291940796875 0.47549342031249997 0.429358553125 0.475 0.425 0.4674342109375 0.4295230265625 0.4640625 0.425 0.4578125 0.4328125 0.45131249999999995 0.4291875 0.31425000000000003 0.4206875 0.309375 0.425 0.30625 0.421875 0.3061875 0.42018750000000005 0.29812500000000003 0.41968750000000005 0.29375 0.425 0.2890625 0.425 0.2900625 0.41918749999999994 0.2828125 0.4078125 0.2671875 0.4078125 0.2739375 0.4181875 0.2578125 0.4171875 0.2484375 0.4359375 0.2484375 0.4625 0.2515625 0.465625 0.2546875 0.4765625