75 0.9255625000000001 0.18065625000000002 0.908625 0.22378125 0.9671406250000001 0.2299375 0.9871718749999999 0.18682812499999998 0.9255625000000001 0.18065625000000002
22 0.530953125 0.511515625 0.521390625 0.549765625 0.5274375 0.5593281250000001 0.555625 0.565375 0.554609375 0.585 0.56015625 0.5855 0.558640625 0.5754374999999999 0.576765625 0.566875 0.6089687500000001 0.52409375 0.624578125 0.43096875 0.625078125 0.41637500000000005 0.6115 0.41134375 0.56971875 0.395734375 0.538 0.39775 0.5294531250000001 0.47728125 0.534984375 0.48785937500000004 0.541015625 0.50546875 0.530953125 0.511515625
49 0.5369375 0.543421875 0.54415625 0.51278125 0.5378437500000001 0.492953125 0.46754687500000003 0.41365625 0.47565625 0.38301562499999997 0.468453125 0.367703125 0.451328125 0.356875 0.435109375 0.360484375 0.41798437499999996 0.36589062499999997 0.40717187499999996 0.376703125 0.40446875000000004 0.392921875 0.41709375 0.40554687500000003 0.41889062499999996 0.426265625 0.40717187499999996 0.4406875 0.390046875 0.454203125 0.3819375 0.46501562500000004 0.36753125 0.47943749999999996 0.362125 0.48934375 0.37112500000000004 0.49926562499999994 0.37834375 0.5010625 0.39275000000000004 0.5010625 0.44953125 0.503765625 0.45493750000000005 0.504671875 0.468453125 0.525390625 0.5369375 0.543421875
49 0.716078125 0.512515625 0.6368750000000001 0.5528593749999999 0.6368750000000001 0.57378125 0.72803125 0.536421875 0.79678125 0.505046875 0.8132187500000001 0.49906249999999996 0.79678125 0.563328125 0.781828125 0.588734375 0.708609375 0.590234375 0.639859375 0.58275 0.639859375 0.605171875 0.741484375 0.6231093750000001 0.816203125 0.630578125 0.858046875 0.594703125 0.917828125 0.59321875 0.970125 0.597703125 0.9880625000000001 0.605171875 0.991046875 0.578265625 0.98209375 0.49906249999999996 0.96265625 0.4676875 0.958171875 0.437796875 0.94471875 0.355609375 0.8864375000000001 0.3331875 0.868515625 0.38101562499999997 0.868515625 0.37951562499999997 0.8550625000000001 0.418375 0.8206875 0.452734375 0.76390625 0.48562500000000003 0.716078125 0.512515625
49 0.9639218749999999 0.748796875 0.982625 0.714515625 0.9982031250000001 0.667765625 0.9982031250000001 0.6256875 0.976390625 0.603875 0.9405468750000001 0.5992031250000001 0.90003125 0.600765625 0.839265625 0.6101093750000001 0.8174374999999999 0.624140625 0.815890625 0.647515625 0.826796875 0.725421875 0.775375 0.650625 0.728625 0.6365937500000001 0.7255 0.65996875 0.730171875 0.6724375 0.766015625 0.694265625 0.789390625 0.739453125 0.8002968750000001 0.77996875 0.7940625 0.81425 0.78471875 0.865671875 0.8034218750000001 0.875 0.967046875 0.875 0.965484375 0.8563281249999999 0.9639218749999999 0.748796875
22 0.70721875 0.37960937499999997 0.69315625 0.386328125 0.67240625 0.39270312500000004 0.661234375 0.39940625 0.661875 0.40037500000000004 0.6797500000000001 0.40995312500000003 0.6880468750000001 0.41026562499999997 0.697 0.416015625 0.7059375 0.41953125 0.712 0.424640625 0.709765625 0.43070312499999996 0.709125 0.43709375 0.719984375 0.431671875 0.730203125 0.41760937499999995 0.730203125 0.41090625000000003 0.730203125 0.40164062500000003 0.731484375 0.385046875 0.734359375 0.372265625 0.7401093750000001 0.35503125 0.747125 0.330765625 0.747125 0.31639062500000004 0.746171875 0.310640625 0.74265625 0.307453125 0.73659375 0.307453125 0.734671875 0.30871875000000004 0.7324375 0.31639062500000004 0.7295625 0.32853125 0.72828125 0.3333125 0.72478125 0.34321875 0.719671875 0.3505625 0.711046875 0.373546875 0.712 0.37259375 0.71040625 0.3745 0.70721875 0.37960937499999997
42 0.6539375 0.662640625 0.63034375 0.542984375 0.490453125 0.6154531249999999 0.508984375 0.7401718749999999 0.6235937500000001 0.834546875 0.733140625 0.7199375 0.6539375 0.662640625
49 0.7270625 0.31396875 0.711921875 0.378546875 0.711921875 0.40246875 0.723078125 0.40725 0.735828125 0.37775 0.76134375 0.31796875 0.7422187499999999 0.39051562500000003 0.727859375 0.44471875 0.75496875 0.420015625 0.78925 0.39051562500000003 0.807578125 0.3681875 0.8243281250000001 0.331515625 0.844265625 0.286078125 0.8450625 0.284484375 0.8594062499999999 0.256578125 0.8753437500000001 0.22628125 0.87978125 0.189046875 0.866296875 0.1300625 0.805625 0.128375 0.78034375 0.216015625 0.793234375 0.21592187499999999 0.760546875 0.23265625 0.75975 0.23265625 0.727859375 0.28926562499999997 0.7270625 0.31396875
26 0.6570625 0.41507812499999996 0.65853125 0.416546875 0.658109375 0.42560937499999996 0.6667500000000001 0.42625 0.667796875 0.41381249999999997 0.670125 0.41212499999999996 0.669484375 0.40854687500000003 0.667375 0.40707812499999996 0.659171875 0.40707812499999996 0.65684375 0.41107812499999996 0.660640625 0.412546875 0.66084375 0.41403125 0.6570625 0.41507812499999996
42 0.218828125 0.3984375 0.21742187500000001 0.408984375 0.25471875 0.49484374999999997 0.3426875 0.549734375 0.3103125 0.458953125 0.218828125 0.3984375
45 0.6550312500000001 0.42621875 0.6461875 0.42895312499999994 0.640296875 0.43295312499999994 0.6428125 0.439484375 0.6455625 0.44075 0.664515625 0.43568749999999995 0.6649375 0.43379687499999997 0.660515625 0.42642187500000006 0.6550312500000001 0.42621875
49 0.311234375 0.457328125 0.31521875 0.45175 0.3208125 0.45334375 0.337546875 0.47646875 0.37820312500000003 0.4716875 0.41965624999999995 0.431828125 0.41407812499999996 0.40790625 0.40690625 0.397546875 0.41407812499999996 0.368046875 0.4411875 0.35528125 0.4180625 0.336953125 0.41567187499999997 0.313828125 0.407703125 0.2883125 0.379796875 0.28512499999999996 0.36625 0.294703125 0.363859375 0.305859375 0.36146875 0.327390625 0.3694375 0.34890625000000003 0.3821875 0.35926562500000003 0.35828125 0.382390625 0.359875 0.413484375 0.355890625 0.419859375 0.3040625 0.435015625 0.29928125 0.43979687500000003 0.30007812500000003 0.45334375 0.311234375 0.457328125
22 0.940078125 0.78178125 0.92075 0.84878125 0.9220312500000001 0.8732656249999999 0.9387812500000001 0.875 0.9710000000000001 0.8139843750000001 0.9671406250000001 0.7830625 0.9671406250000001 0.7869375 0.95940625 0.75471875 0.940078125 0.78178125
45 0.7675625 0.6782812500000001 0.7443125 0.656875 0.71921875 0.6487499999999999 0.709984375 0.65909375 0.709984375 0.66646875 0.748 0.6900937500000001 0.7579687500000001 0.6900937500000001 0.7675625 0.6782812500000001