61 0.40326562499999996 0.196421875 0.47973437499999994 0.188921875 0.5367031250000001 0.18742187500000002 0.50221875 0.17093750000000002 0.38378125 0.1694375 0.3193125 0.199421875 0.236859375 0.21590625000000002 0.053968749999999996 0.20242187500000003 0.022484375 0.20842187499999998 0.009 0.22790625000000003 0.009 0.254890625 0.037484375 0.269875 0.17090624999999998 0.27737500000000004 0.250359375 0.239890625 0.3313125 0.21290625 0.40326562499999996 0.196421875
15 0.5858749999999999 0.66340625 0.58278125 0.6448125 0.58175 0.64275 0.545578125 0.6158750000000001 0.545578125 0.6086406249999999 0.511484375 0.59728125 0.5042500000000001 0.600375 0.48771875 0.61175 0.49184374999999997 0.635515625 0.52284375 0.672703125 0.55178125 0.677875 0.574515625 0.671671875 0.5858749999999999 0.66340625
15 0.507609375 0.600609375 0.53340625 0.601671875 0.574234375 0.57803125 0.6150781249999999 0.56084375 0.5860624999999999 0.540421875 0.5645625 0.5028125 0.542 0.47164062500000004 0.51190625 0.48562500000000003 0.504390625 0.526453125 0.499015625 0.50065625 0.482890625 0.46950000000000003 0.4420625 0.46950000000000003 0.443140625 0.5210781250000001 0.4420625 0.557625 0.38725 0.57803125 0.31203125 0.582328125 0.3765 0.621015625 0.43776562500000005 0.635 0.438828125 0.63821875 0.474296875 0.62746875 0.507609375 0.600609375
19 0.6155 0.665234375 0.5622499999999999 0.7231875 0.554421875 0.74040625 0.635875 0.79365625 0.6468281250000001 0.784265625 0.6969531250000001 0.720046875 0.687546875 0.698125 0.6311718749999999 0.665234375 0.6155 0.665234375
19 0.71621875 0.666203125 0.746328125 0.666828125 0.7739375 0.6825 0.797765625 0.684390625 0.819734375 0.6536562499999999 0.826 0.611625 0.80153125 0.5871562499999999 0.7425625 0.5633125 0.71621875 0.579 0.69865625 0.5965625 0.6992812500000001 0.635453125 0.700546875 0.6348281250000001 0.69865625 0.6536562499999999 0.71621875 0.666203125
19 0.762734375 0.571265625 0.778390625 0.547765625 0.795625 0.55559375 0.792484375 0.583796875 0.820671875 0.585359375 0.84103125 0.5117499999999999 0.842609375 0.48042187500000005 0.750203125 0.4631875 0.7439375 0.48981250000000004 0.72984375 0.5274062500000001 0.726703125 0.546203125 0.726703125 0.5665625000000001 0.7329687500000001 0.5696875 0.751765625 0.5650000000000001 0.762734375 0.571265625
19 0.8002499999999999 0.5825781250000001 0.8294218750000001 0.60909375 0.82278125 0.64225 0.814828125 0.666125 0.841359375 0.670109375 0.8745156250000001 0.65153125 0.9050156250000001 0.62634375 0.890421875 0.59053125 0.871859375 0.5507500000000001 0.8532968750000001 0.55340625 0.826765625 0.56534375 0.826765625 0.5626875 0.82146875 0.587890625 0.8002499999999999 0.5825781250000001
19 0.41440625000000003 0.42103124999999997 0.4130625 0.411578125 0.41395312500000003 0.4016875 0.40765624999999994 0.396734375 0.39237500000000003 0.389546875 0.381578125 0.40123437500000003 0.3671875 0.42103124999999997 0.3626875 0.43676562499999994 0.372125 0.44576562500000005 0.386078125 0.44576562500000005 0.394171875 0.44576562500000005 0.400921875 0.4453125 0.40856250000000005 0.4430625 0.42160937499999995 0.429125 0.41890625000000004 0.422828125 0.41440625000000003 0.42103124999999997
19 0.39296875 0.26756250000000004 0.38487499999999997 0.2698125 0.382625 0.278796875 0.372734375 0.29095312500000003 0.3641875 0.2999375 0.36912500000000004 0.31432812499999996 0.3898125 0.340421875 0.42579687499999996 0.339515625 0.42625 0.34446875 0.43029687499999997 0.35121875 0.43479687499999997 0.33096875 0.44109375 0.32871875 0.4581875 0.33771874999999996 0.46448437499999995 0.3134375 0.479328125 0.29859375 0.463578125 0.277 0.41770312499999995 0.24821875000000002 0.41770312499999995 0.25001562499999996 0.40915625 0.251359375 0.39296875 0.26756250000000004
14 0.8750312499999999 0.270390625 0.7748125 0.227015625 0.659640625 0.195609375 0.516046875 0.189625 0.36646875 0.192609375 0.1974375 0.2584375 0.07179687500000001 0.351171875 0.016453125 0.427453125 0 0.494765625 0.0194375 0.64284375 0.083765625 0.723625 0.23334375000000002 0.8208437500000001 0.794265625 0.8208437500000001 0.937859375 0.752046875 0.9976875 0.68621875 1 0.370609375 0.8750312499999999 0.270390625
19 0.4334375 0.4363125 0.42140625 0.4341875 0.415046875 0.43559374999999995 0.41009375 0.44479687500000004 0.40514062500000003 0.448328125 0.39665625000000004 0.44904687499999996 0.373296875 0.448328125 0.36126562500000003 0.439140625 0.35703125 0.43771875 0.34782812500000004 0.440546875 0.338625 0.44621875 0.335796875 0.451171875 0.33509375 0.45328125 0.324484375 0.466015625 0.316703125 0.47309375 0.31457812500000004 0.47946875 0.30679687499999997 0.489375 0.31103125 0.5014062499999999 0.31175 0.519796875 0.313859375 0.531828125 0.31740625 0.541015625 0.3209375 0.543140625 0.33296875 0.54596875 0.34500000000000003 0.54596875 0.36621875 0.5466875 0.37259375 0.550921875 0.379671875 0.5530468749999999 0.393109375 0.555875 0.41221874999999997 0.555171875 0.412921875 0.55234375 0.409390625 0.5466875 0.415046875 0.5403125 0.42000000000000004 0.53465625 0.42495312500000004 0.527578125 0.43698437500000004 0.5297031249999999 0.43556249999999996 0.5247499999999999 0.43203125 0.514140625 0.43415625 0.506359375 0.43415625 0.49503125 0.429203125 0.485828125 0.43415625 0.47734375 0.440515625 0.45682812500000003 0.44121875 0.44975 0.438390625 0.442671875 0.4334375 0.4363125
19 0.29276562500000003 0.47368750000000004 0.252140625 0.470984375 0.22370312499999997 0.475046875 0.215578125 0.487234375 0.211515625 0.502125 0.2169375 0.5630625 0.21828124999999998 0.5739062500000001 0.231828125 0.5793125 0.313078125 0.54953125 0.31578125 0.52515625 0.29953124999999997 0.487234375 0.29276562500000003 0.47368750000000004
19 0.6654687499999999 0.2986875 0.6840625 0.25778124999999996 0.655546875 0.23546874999999998 0.601 0.23671875 0.592328125 0.282578125 0.6109218750000001 0.30489062499999997 0.6654687499999999 0.2986875
19 0.573625 0.47614062500000004 0.572625 0.49056249999999996 0.5596875 0.505 0.5586875 0.510484375 0.5601875 0.517953125 0.569140625 0.51496875 0.586078125 0.5194375 0.601 0.516453125 0.6164375 0.5353749999999999 0.62190625 0.5453281249999999 0.6453125 0.47962499999999997 0.6079687500000001 0.459703125 0.5885625 0.462203125 0.573625 0.47614062500000004