4 0.8462500000000001 0.5585 0.8485625000000001 0.55740625 0.8474999999999999 0.54821875 0.8485781250000001 0.5193749999999999 0.8426875 0.5198437499999999 0.843046875 0.526578125 0.843171875 0.5309062499999999 0.8423281250000001 0.5619375 0.845328125 0.553640625 0.844875 0.5563125 0.8450156249999999 0.55671875 0.8462500000000001 0.5585
5 0.8919062500000001 0.62365625 0.889859375 0.6232968750000001 0.8880000000000001 0.62365625 0.887296875 0.62596875 0.8873906249999999 0.627828125 0.8858750000000001 0.628796875 0.8872031249999999 0.629953125 0.89075 0.6310156250000001 0.897046875 0.631453125 0.8984687499999999 0.6302187499999999 0.899796875 0.62746875 0.898640625 0.624546875 0.8965156249999999 0.621171875 0.894390625 0.621 0.89359375 0.621625 0.8919062500000001 0.62365625
5 0.121828125 0.48757812500000003 0.12653125 0.491421875 0.12503124999999998 0.49418749999999995 0.1306875 0.49589062500000003 0.13079687499999998 0.48875 0.12865625 0.487140625 0.12993749999999998 0.484375 0.12653125 0.482453125 0.121828125 0.48150000000000004 0.11990624999999999 0.48426562500000003 0.121828125 0.48757812500000003
5 0.4366875 0.3739375 0.43709375 0.37434375000000003 0.43734375 0.374515625 0.43792187499999996 0.37484375000000003 0.43825000000000003 0.375671875 0.43949999999999995 0.376171875 0.44025 0.376171875 0.44115624999999997 0.37584375 0.4423125 0.37575 0.44371875000000005 0.37575 0.444546875 0.37501562499999996 0.444875 0.374671875 0.44521875 0.373609375 0.445125 0.372359375 0.44446874999999997 0.370953125 0.44356249999999997 0.369703125 0.4418125 0.368796875 0.44065624999999997 0.368875 0.43925000000000003 0.370046875 0.43759375 0.371453125 0.43684375 0.372109375 0.4366875 0.372859375 0.4366875 0.3739375
49 0.583296875 0.37075 0.582125 0.37240625 0.581546875 0.373390625 0.581734375 0.37446875 0.58271875 0.375640625 0.582515625 0.376421875 0.583296875 0.3776875 0.58446875 0.37865625 0.585546875 0.378953125 0.5873125 0.37925 0.5881875 0.3808125 0.58984375 0.382171875 0.591796875 0.384328125 0.59228125 0.389015625 0.5913125 0.389203125 0.5899375 0.39028125 0.58965625 0.391546875 0.5913125 0.392625 0.591609375 0.3995625 0.59140625 0.40268750000000003 0.59071875 0.40317187499999996 0.589265625 0.403765625 0.588484375 0.40542187500000004 0.59296875 0.40542187500000004 0.596 0.40512499999999996 0.596875 0.40443749999999995 0.59609375 0.40278125 0.595703125 0.399953125 0.59590625 0.396625 0.596484375 0.396828125 0.59765625 0.398 0.59765625 0.40639062499999995 0.597171875 0.40854687500000003 0.594734375 0.40981249999999997 0.594140625 0.411671875 0.597171875 0.41196875000000005 0.602640625 0.41185937499999997 0.602546875 0.40571875 0.602640625 0.398875 0.60234375 0.395359375 0.6038125 0.39428125 0.605765625 0.39175 0.607234375 0.389109375 0.608296875 0.38784375 0.6085 0.38403125 0.607515625 0.381203125 0.606453125 0.380328125 0.6045 0.378859375 0.6015625 0.378078125 0.59609375 0.37534375 0.59296875 0.373296875 0.5904375 0.372515625 0.5899375 0.3714375 0.588375 0.369484375 0.58525 0.368796875 0.584078125 0.369484375 0.583296875 0.37075
49 0.44359374999999995 0.39396875 0.45310937500000004 0.4020625 0.46089062500000005 0.41206250000000005 0.46089062500000005 0.41634374999999996 0.46359374999999997 0.4165 0.46548437500000006 0.41428125 0.4658125 0.4096875 0.4534375 0.390171875 0.45215625 0.38509375 0.45295312499999996 0.37953125 0.45628124999999997 0.374453125 0.45359375 0.370015625 0.449625 0.36746875 0.44914062499999996 0.360171875 0.44534375 0.3584375 0.44184375 0.363515625 0.442953125 0.36684375 0.436453125 0.36953125 0.432640625 0.372546875 0.43248437500000003 0.374609375 0.4375625 0.376203125 0.43740625 0.38493750000000004 0.43804687500000006 0.388421875 0.428203125 0.40603125 0.42407812500000003 0.41015625 0.42359375000000005 0.41206250000000005 0.43042187500000006 0.4114375 0.43248437500000003 0.41015625 0.4375625 0.40159374999999997 0.44359374999999995 0.39396875
49 0.336125 0.40396875000000004 0.335171875 0.39921875 0.34325 0.393046875 0.348 0.393046875 0.35607812499999997 0.412515625 0.36129687499999996 0.412515625 0.36178125 0.407765625 0.35275 0.391140625 0.35796875 0.377359375 0.35226562499999997 0.3711875 0.349421875 0.365015625 0.340390625 0.36929687499999997 0.335171875 0.3783125 0.33421875 0.389234375 0.32709375 0.40871874999999996 0.32995312499999996 0.41346875 0.330890625 0.41346875 0.336125 0.40396875000000004
49 0.132234375 0.458796875 0.132234375 0.4533125 0.12050000000000001 0.463484375 0.12050000000000001 0.48853125000000003 0.1220625 0.51434375 0.11659375000000001 0.5284375 0.128328125 0.519828125 0.12989062499999998 0.49557812500000004 0.134578125 0.49087500000000006 0.13928125 0.515921875 0.1400625 0.5284375 0.1431875 0.5284375 0.14475 0.5276562499999999 0.14554687500000002 0.5135625 0.141625 0.48775 0.14240625 0.47209375 0.132234375 0.458796875
49 0.85603125 0.5996406249999999 0.874796875 0.6278125 0.869328125 0.57303125 0.8552500000000001 0.542515625 0.83959375 0.542515625 0.83803125 0.583203125 0.8294218750000001 0.616859375 0.83725 0.6152968750000001 0.8356875 0.618421875 0.8419375 0.61371875 0.85603125 0.5996406249999999
49 0.9281406249999999 0.6048125 0.926109375 0.600203125 0.9191874999999999 0.5895312500000001 0.9151562500000001 0.58346875 0.91140625 0.58059375 0.9065 0.57971875 0.9027499999999999 0.582609375 0.8992968749999999 0.586078125 0.899875 0.592421875 0.9036250000000001 0.59934375 0.9050625 0.596734375 0.9082343749999999 0.602796875 0.9047656249999999 0.6094375000000001 0.903046875 0.607703125 0.897859375 0.61346875 0.8967031249999999 0.618953125 0.8897812500000001 0.6224062499999999 0.886890625 0.625296875 0.88746875 0.629046875 0.8909375 0.631640625 0.898421875 0.631640625 0.90015625 0.6267343750000001 0.9062187500000001 0.633078125 0.9062187500000001 0.63596875 0.90996875 0.639140625 0.916890625 0.63884375 0.92496875 0.630765625 0.922078125 0.625296875 0.928703125 0.62009375 0.9281406249999999 0.6048125
49 0.9505156250000001 0.644 0.9536718750000001 0.641984375 0.952765625 0.6368125 0.954109375 0.6334375 0.9579375000000001 0.633 0.9588281249999999 0.62828125 0.95815625 0.619953125 0.96153125 0.6096250000000001 0.968046875 0.60378125 0.966921875 0.5934375000000001 0.9619843749999999 0.590296875 0.94759375 0.580640625 0.944 0.57884375 0.940640625 0.577046875 0.939515625 0.57525 0.938390625 0.5736718749999999 0.935921875 0.572546875 0.9334374999999999 0.571421875 0.9293906249999999 0.572546875 0.92603125 0.5761406250000001 0.925578125 0.57884375 0.92603125 0.5801875 0.9267031250000001 0.580640625 0.9267031250000001 0.5813125 0.92759375 0.5846875 0.9278281249999999 0.5846875 0.9323124999999999 0.585359375 0.933 0.58871875 0.9334374999999999 0.58984375 0.93434375 0.591421875 0.935234375 0.592546875 0.9368124999999999 0.59546875 0.9368124999999999 0.59996875 0.94153125 0.600640625 0.94378125 0.6051249999999999 0.9449062500000001 0.60871875 0.9455781249999999 0.61209375 0.945359375 0.6145625 0.9444531250000001 0.618390625 0.944234375 0.621078125 0.944234375 0.62625 0.944234375 0.630296875 0.944234375 0.6334375 0.94378125 0.636359375 0.943109375 0.63771875 0.942203125 0.6388281250000001 0.9397343749999999 0.639953125 0.9370625 0.642578125 0.945359375 0.644234375 0.9505156250000001 0.644
49 0.888796875 0.37492187499999996 0.8829375 0.37296874999999996 0.8827031249999999 0.3695625 0.87953125 0.36712500000000003 0.8766093749999999 0.36907812500000003 0.877578125 0.3744375 0.8687968749999999 0.38053125 0.87196875 0.38151562499999997 0.877578125 0.38175 0.888796875 0.382234375 0.8897656250000001 0.38053125 0.8905 0.377859375 0.888796875 0.37492187499999996
49 0.856078125 0.400875 0.85628125 0.40254687499999997 0.8599375 0.4034375 0.862890625 0.401171875 0.8629843749999999 0.39840624999999996 0.85825 0.398890625 0.8583437500000001 0.39632812500000003 0.863984375 0.393359375 0.8650625 0.384484375 0.8669375 0.38071875 0.8620468750000001 0.369734375 0.85703125 0.36284375 0.8557343749999999 0.3625625 0.8518593750000001 0.3645625 0.85315625 0.370734375 0.85975 0.37734375 0.856078125 0.400875
49 0.9445625 0.346578125 0.944921875 0.34509375000000003 0.9430781250000001 0.34325 0.9410624999999999 0.342515625 0.93846875 0.342515625 0.9366406250000001 0.34565625 0.9366406250000001 0.34859375 0.934421875 0.350625 0.9336874999999999 0.352109375 0.932578125 0.3546875 0.9403124999999999 0.356890625 0.9462187500000001 0.358375 0.9465781249999999 0.35246875 0.9460312500000001 0.35135937500000003 0.9438281249999999 0.349890625 0.9445625 0.346578125
49 0.44221875 0.364859375 0.44221875 0.35396875 0.441375 0.34559375000000003 0.43382812499999995 0.33973437500000003 0.42629687499999996 0.3464375 0.42378125000000005 0.353140625 0.424625 0.3631875 0.41457812499999996 0.38078124999999996 0.42378125000000005 0.382453125 0.434671875 0.36067187500000003 0.4288125 0.377421875 0.4371875 0.361515625 0.44221875 0.364859375
49 0.893734375 0.39753125 0.8988828124999999 0.39884375 0.8982187500000001 0.40671875 0.8993437500000001 0.41065625 0.90328125 0.40709375000000003 0.90365625 0.41103125 0.9062812499999999 0.412515625 0.8999062500000001 0.40062499999999995 0.9004687499999999 0.39059374999999996 0.9059062499999999 0.38909375 0.90346875 0.38478124999999996 0.8993437500000001 0.381796875 0.8999062500000001 0.37879687500000003 0.89746875 0.375421875 0.894671875 0.378046875 0.895046875 0.381984375 0.889234375 0.381234375 0.887734375 0.38271875 0.8957968749999999 0.38778125 0.893921875 0.39078124999999997 0.893734375 0.39753125
49 0.916640625 0.38660937500000003 0.912484375 0.381359375 0.9099999999999999 0.379984375 0.9077968750000001 0.383578125 0.913046875 0.391859375 0.912109375 0.415953125 0.917953125 0.41735937500000003 0.918296875 0.41146874999999994 0.918296875 0.39296875 0.916640625 0.38660937500000003
49 0.73125 0.3578125 0.75 0.375 0.76875 0.378125 0.7734375 0.3703125 0.771875 0.3625 0.7984375 0.340625 0.803125 0.3453125 0.8234375 0.346875 0.8265625 0.3515625 0.8234375 0.3578125 0.8234375 0.36875 0.828125 0.3734375 0.834375 0.375 0.834375 0.396875 0.8390625 0.4015625 0.8546875 0.403125 0.8578125 0.4 0.865625 0.4109375 0.875 0.4109375 0.8796875 0.415625 0.8890625 0.415625 0.89375 0.4125 0.8984375 0.4171875 0.91875 0.41875 0.928125 0.4296875 0.9375 0.4296875 0.9421875 0.421875 0.9421875 0.4125 0.9484375 0.4140625 0.9609375 0.425 0.98125 0.428125 0.9859375 0.4421875 0.990625 0.4453125 0.9984375 0.4453125 0.9984375 0.4125 0.9890625 0.4109375 0.9875 0.4078125 0.9875 0.3953125 0.9984375 0.39375 0.9875 0.35625 0.9875 0.3515625 0.9984375 0.334375 0.9875 0.3296875 0.7296875 0.3296875 0.728125 0.340625 0.73125 0.3578125