49 0.031765625 0.44275000000000003 0.034734375 0.450859375 0.036359375 0.45734375 0.040140625 0.477359375 0.04121875 0.481140625 0.049062499999999995 0.4800625 0.05284375 0.47681250000000003 0.055546874999999996 0.470328125 0.051234375 0.465734375 0.044734375 0.457890625 0.047140625000000005 0.44506249999999997 0.046484375 0.43931250000000005 0.04484375 0.428328125 0.0468125 0.423390625 0.045984375 0.41568750000000004 0.042875 0.407640625 0.036953124999999996 0.408296875 0.033187499999999995 0.409765625 0.03203125 0.41503125 0.034171875000000004 0.419625 0.03596875 0.42225 0.035812500000000004 0.423015625 0.033375 0.42895312499999994 0.031765625 0.44275000000000003
49 0.04678125 0.44146875 0.04978125 0.44479687500000004 0.05443750000000001 0.446453125 0.057765625 0.447453125 0.0594375 0.447453125 0.061421875 0.441125 0.058765625 0.435140625 0.05443750000000001 0.43246874999999996 0.052765625000000003 0.42914062499999994 0.050109375 0.42515625 0.046453125 0.42748437499999997 0.04678125 0.43014062500000005 0.04678125 0.44146875
49 0.10735937499999999 0.443859375 0.10149999999999999 0.43546874999999996 0.0991875 0.43128124999999995 0.0991875 0.42393749999999997 0.095203125 0.42142187499999995 0.091640625 0.422671875 0.090796875 0.42478125 0.09121875 0.431703125 0.08932812500000001 0.436515625 0.089953125 0.44281249999999994 0.10735937499999999 0.443859375
49 0.11564062500000001 0.43778125 0.118265625 0.443359375 0.1174375 0.4489375 0.120234375 0.44909375 0.12893749999999998 0.44959375 0.1310625 0.44762500000000005 0.1310625 0.4190625 0.1253125 0.420203125 0.122203125 0.42201562499999995 0.121046875 0.425625 0.121703125 0.42923437499999995 0.124984375 0.43137499999999995 0.11842187500000001 0.43218750000000006 0.1174375 0.43284374999999997 0.11564062500000001 0.43778125
18 0.7190624999999999 0.44192187499999996 0.710265625 0.42504687499999994 0.698515625 0.412578125 0.6933906249999999 0.40670312500000005 0.6581718750000001 0.40890624999999997 0.64790625 0.411109375 0.639828125 0.41696875 0.635421875 0.42284375 0.633234375 0.430171875 0.6347031249999999 0.44265625000000003 0.6347031249999999 0.451453125 0.636890625 0.46025 0.6420312499999999 0.455859375 0.642765625 0.455859375 0.6435 0.462453125 0.652296875 0.46465625 0.655234375 0.46025 0.65596875 0.459515625 0.70365625 0.455859375 0.704390625 0.46392187500000004 0.7168593750000001 0.46171875 0.7190624999999999 0.44192187499999996
18 0.860953125 0.419609375 0.8564999999999999 0.42214062500000005 0.851734375 0.42595312500000004 0.8498281249999999 0.43009375 0.8510937500000001 0.43326562500000004 0.851734375 0.43676562499999994 0.85490625 0.442484375 0.86 0.44312500000000005 0.8647656250000001 0.43962500000000004 0.8717656249999999 0.44057812500000004 0.874296875 0.442171875 0.89496875 0.445984375 0.9197656249999999 0.443765625 0.9223125 0.442484375 0.92834375 0.436140625 0.9264374999999999 0.4246875 0.921671875 0.42214062500000005 0.9178593749999999 0.42309374999999994 0.91021875 0.412296875 0.88796875 0.41165624999999995 0.8774843750000001 0.41196875000000005 0.8717656249999999 0.413875 0.860953125 0.419609375
18 0.742609375 0.43089062499999997 0.743875 0.42815624999999996 0.7493593749999999 0.428359375 0.75146875 0.431734375 0.757578125 0.431515625 0.7596875 0.42689062499999997 0.768953125 0.42731250000000004 0.778015625 0.427515625 0.77821875 0.43046875 0.7815937500000001 0.43278125 0.786640625 0.43342187499999996 0.787484375 0.42940625 0.79065625 0.42625 0.7898125 0.41571875 0.785171875 0.405390625 0.7817968750000001 0.405390625 0.778015625 0.4011875 0.761578125 0.399703125 0.754828125 0.400546875 0.74725 0.40665625 0.7424062499999999 0.412984375 0.73671875 0.41656250000000006 0.7362968750000001 0.42182812500000005 0.7365 0.42982812499999995 0.737984375 0.43046875 0.742609375 0.43089062499999997
18 0.7052031249999999 0.424984375 0.711640625 0.42975 0.714734375 0.42948437500000003 0.7170625 0.427046875 0.7161562499999999 0.41815625 0.71846875 0.41751562499999995 0.72684375 0.413390625 0.726328125 0.411203125 0.7209218749999999 0.40875000000000006 0.702890625 0.409015625 0.6976093750000001 0.41314062500000004 0.699546875 0.416609375 0.70109375 0.42112499999999997 0.7052031249999999 0.424984375
18 0.616234375 0.41410937499999995 0.629015625 0.416890625 0.6367045453125 0.41350568125000003 0.63903125 0.41745312500000004 0.644940340625 0.41401136406249994 0.6696477265625 0.41552840937499996 0.7168281249999999 0.42523437499999994 0.7190624999999999 0.4185625 0.724890625 0.42634375 0.732953125 0.427453125 0.7335 0.42078125 0.742953125 0.4135625 0.74684375 0.40632812500000004 0.7340625000000001 0.40632812500000004 0.725171875 0.41634374999999996 0.717390625 0.418 0.6778835234375 0.416034090625 0.6418125 0.404109375 0.6356875 0.404109375 0.63903125 0.411890625 0.62846875 0.413 0.6179114578125 0.41115625 0.61346875 0.40856250000000005 0.6084635421875 0.409859375 0.599015625 0.40856250000000005 0.5979062500000001 0.41467187499999997 0.60290625 0.416890625 0.6140156250000001 0.41634374999999996 0.616234375 0.41410937499999995
18 0.586734375 0.41760937499999995 0.5881093749999999 0.4175 0.589578125 0.415921875 0.59146875 0.415703125 0.59684375 0.41518750000000004 0.59684375 0.41392187500000005 0.59684375 0.412546875 0.59653125 0.41085937499999997 0.595796875 0.40959375 0.5951562499999999 0.408328125 0.593265625 0.40623437500000004 0.590953125 0.40559375 0.5856874999999999 0.405078125 0.58284375 0.40601562500000005 0.58053125 0.40728125000000004 0.579890625 0.40981249999999997 0.5749375 0.41023437500000004 0.5746249999999999 0.411703125 0.5746249999999999 0.41401562500000005 0.574734375 0.41665625000000006 0.577890625 0.4171875 0.578421875 0.41496875 0.583359375 0.41581250000000003 0.584 0.4171875 0.586734375 0.41760937499999995
18 0.5697656249999999 0.41498437499999996 0.5748125 0.414828125 0.57496875 0.41039062499999995 0.578796875 0.40946875 0.5775625 0.40793749999999995 0.57465625 0.4065625 0.5725156250000001 0.40564062500000003 0.564546875 0.40564062500000003 0.56378125 0.40703125 0.559953125 0.409015625 0.559046875 0.41023437500000004 0.5598124999999999 0.41453125 0.56103125 0.4146875 0.564546875 0.4146875 0.5697656249999999 0.41498437499999996
18 0.676765625 0.40617187499999996 0.6751875 0.40259375000000003 0.660234375 0.40217187499999996 0.65296875 0.408390625 0.654125 0.40774999999999995 0.676765625 0.407234375 0.676765625 0.40617187499999996
63 0.132984375 0.27912499999999996 0.131765625 0.28890625000000003 0.16553125 0.28500000000000003 0.173359375 0.28695312500000003 0.17678125 0.280109375 0.173359375 0.225296875 0.163328125 0.20303125 0.1561201921875 0.20470793281250002 0.15517908593750002 0.1967271640625 0.159984375 0.195609375 0.156640625 0.1881875 0.15423798125 0.18874639375 0.153296875 0.18076562499999999 0.1404170671875 0.188140625 0.13860937499999998 0.17195312499999998 0.12393749999999999 0.167546875 0.1121875 0.18027604218749999 0.1063125 0.186640625 0.114140625 0.258578125 0.127359375 0.28132421875 0.132984375 0.27912499999999996
18 0.553453125 0.412546875 0.5561875 0.411109375 0.5561875 0.40853124999999996 0.55265625 0.40515625 0.5470312500000001 0.404203125 0.547828125 0.407890625 0.549609375 0.41190625000000003 0.553453125 0.412546875