49 0.557671875 0.39853125 0.566515625 0.376390625 0.553234375 0.36753125 0.5488125 0.36421875 0.5510312500000001 0.35203125 0.5510312500000001 0.342078125 0.5510312500000001 0.337640625 0.5543437499999999 0.33321875 0.544390625 0.303328125 0.53553125 0.293359375 0.52334375 0.28340624999999997 0.5211406249999999 0.27896875 0.52225 0.26015625 0.518921875 0.25129687500000003 0.508953125 0.24465625000000002 0.5023125 0.24465625000000002 0.49678125 0.2501875 0.49235937500000004 0.26237499999999997 0.49235937500000004 0.274546875 0.48792187499999995 0.28118750000000003 0.4835 0.28340624999999997 0.476859375 0.28671875 0.46578125000000004 0.297796875 0.45804687499999996 0.324359375 0.448078125 0.33875 0.4525 0.35425 0.45804687499999996 0.36310937499999996 0.4414375 0.366421875 0.43921875000000005 0.3775 0.4525 0.389671875 0.459140625 0.40295312499999997 0.463578125 0.42067187500000003 0.46578125000000004 0.43395312500000005 0.480171875 0.428421875 0.49235937500000004 0.423984375 0.490140625 0.40959375 0.48571875000000003 0.39853125 0.49456249999999996 0.40184375 0.499 0.416234375 0.507859375 0.42176562500000003 0.50675 0.422875 0.5211406249999999 0.431734375 0.5288906250000001 0.431734375 0.52778125 0.42067187500000003 0.557671875 0.39853125
8 0.37915625 0.29681250000000003 0.38015625000000003 0.28512499999999996 0.381890625 0.26421875 0.473453125 0.267203125 0.488125 0.26621875 0.48962500000000003 0.262984375 0.49185937500000004 0.262234375 0.49235937500000004 0.25925 0.49210937499999996 0.25601562499999997 0.49559375 0.248546875 0.498578125 0.2453125 0.5030625 0.242078125 0.5035624999999999 0.23909375000000002 0.507546875 0.240578125 0.513765625 0.240828125 0.5222187500000001 0.23959375 0.520234375 0.23759375 0.51053125 0.23312499999999997 0.37840625 0.22889062500000001 0.36148437499999997 0.229890625 0.36025 0.235109375 0.36025 0.236359375 0.36198437499999997 0.23784375 0.36771875 0.23709375000000002 0.376171875 0.23884375000000002 0.376421875 0.241828125 0.376421875 0.2463125 0.376421875 0.247546875 0.37517187500000004 0.25451562499999997 0.3726875 0.25675 0.369703125 0.257 0.362984375 0.25775000000000003 0.36148437499999997 0.2585 0.361 0.26396875 0.36646875 0.26496875000000003 0.3721875 0.26546875000000003 0.37492187499999996 0.268203125 0.375421875 0.27865625 0.374671875 0.283875 0.374671875 0.29184375 0.374421875 0.292578125 0.375921875 0.2955625 0.37915625 0.29681250000000003
65 0.48015625 0.53759375 0.508875 0.5745 0.5519375 0.593984375 0.588859375 0.595015625 0.620640625 0.578609375 0.619625 0.5427187499999999 0.592953125 0.49554687499999994 0.54784375 0.43606249999999996 0.54065625 0.43503125000000004 0.538609375 0.43503125000000004 0.520140625 0.4411875 0.48939062499999997 0.43606249999999996 0.48631250000000004 0.43606249999999996 0.47604687500000004 0.47707812499999996 0.48015625 0.53759375
65 0.7061875 0.5328593749999999 0.8190937500000001 0.561515625 0.8561875000000001 0.55309375 0.841015625 0.537921875 0.783703125 0.50253125 0.6994374999999999 0.46545312499999997 0.6286562499999999 0.431734375 0.5882031249999999 0.43679687500000003 0.584828125 0.438484375 0.618546875 0.482296875 0.7061875 0.5328593749999999
65 0.28396875 0.5618593749999999 0.348015625 0.5449531249999999 0.3975625 0.51715625 0.436234375 0.47485937500000003 0.4483125 0.44343750000000004 0.424140625 0.43618750000000006 0.41931250000000003 0.43618750000000006 0.407234375 0.43618750000000006 0.35526562500000003 0.4579375 0.32021875 0.479703125 0.2670625 0.507484375 0.23321874999999997 0.530453125 0.22354687499999998 0.5485781249999999 0.22234375 0.559453125 0.235640625 0.56065625 0.28396875 0.5618593749999999
65 0.335453125 0.430828125 0.3035 0.4341875 0.211015625 0.45099999999999996 0.06471875 0.47959375 0.027718749999999997 0.494734375 0.0395 0.5081875 0.11517187499999999 0.51490625 0.21437499999999998 0.49809374999999995 0.35228125 0.45437500000000003 0.364046875 0.447640625 0.33378125000000003 0.44428124999999996 0.335453125 0.430828125
65 0.9842656249999999 0.49746875 0.87134375 0.4688125 0.6859531249999999 0.416578125 0.687640625 0.4266875 0.657296875 0.4300625 0.7264062499999999 0.462078125 0.82753125 0.49578125 0.937078125 0.516015625 0.985953125 0.507578125 0.987640625 0.507578125 0.9893281249999999 0.50253125 0.9842656249999999 0.49746875
18 0.238265625 0.246640625 0.2538125 0.252859375 0.26934375 0.246640625 0.323734375 0.24975 0.32840625 0.189140625 0.26623437499999997 0.193796875 0.238265625 0.20623437500000003 0.2165 0.21556250000000002 0.21340625000000002 0.240421875 0.2165 0.23576562499999998 0.21960937500000002 0.24509375000000003 0.238265625 0.246640625
18 0.9453437499999999 0.21032812500000003 0.9154687499999999 0.21000000000000002 0.9059375 0.21349999999999997 0.9040312500000001 0.214453125 0.9075156249999999 0.21509375 0.96125 0.21764062499999998 0.9453437499999999 0.21032812500000003
18 0.723921875 0.21290625 0.72328125 0.20973437499999997 0.7420312499999999 0.20760416718750002 0.750296875 0.208453125 0.75090665625 0.201130753125 0.7413958328125 0.20050520781249997 0.733765625 0.20675520781249998 0.731859375 0.20018750000000002 0.7255 0.20590625 0.7243906250000001 0.202890625 0.721375 0.20940625000000002 0.7169218749999999 0.20559375000000002 0.716609375 0.20685937499999998 0.708984375 0.21004687500000002 0.694359375 0.211 0.68990625 0.2145 0.693078125 0.22021875 0.707390625 0.22434375 0.71025 0.223390625 0.7121562499999999 0.21496875000000001 0.723921875 0.21290625
18 0.170015625 0.18175 0.1538125 0.21346875 0.165296875 0.218203125 0.173390625 0.21415625 0.173390625 0.224953125 0.185546875 0.22967187500000003 0.188234375 0.22359374999999998 0.21187499999999998 0.21954687499999997 0.242921875 0.202671875 0.249671875 0.20334375 0.22604687499999998 0.18646875000000002 0.170015625 0.18175
18 0.36084375 0.22981250000000003 0.40740625 0.22981250000000003 0.40954687500000003 0.22639062499999998 0.41168750000000004 0.222546875 0.412109375 0.21998437499999998 0.41040625000000003 0.214859375 0.40698437500000006 0.213578125 0.400578125 0.21185937500000002 0.39459374999999997 0.210578125 0.38434375 0.209296875 0.378359375 0.20375000000000001 0.37109375 0.197765625 0.36596875 0.197765625 0.356140625 0.198625 0.357 0.213140625 0.357 0.22126562500000002 0.36084375 0.22981250000000003
18 0.95175 0.25017187500000004 0.9616250000000001 0.2508125 0.968 0.24762499999999998 0.967671875 0.25590625 0.975953125 0.256234375 0.9772343749999999 0.25240625 0.9839218750000001 0.25271875 0.9880625000000001 0.254 0.98965625 0.2571875 0.9934511718750001 0.25408203125 0.99571875 0.25973437499999996 1 0.25878125 0.9995312500000001 0.22532812500000002 0.9711874999999999 0.22404687499999998 0.9654375 0.221828125 0.9565234374999999 0.2211875 0.954158203125 0.22588671875 0.9476093750000001 0.220546875 0.9450468750000001 0.22596875 0.9425000000000001 0.23360937499999998 0.946640625 0.24253125 0.951109375 0.24507812499999998 0.95175 0.25017187500000004
18 0.47868750000000004 0.202796875 0.46234374999999994 0.205265625 0.45709375 0.2105 0.456171875 0.21790625000000002 0.46634374999999995 0.22839062499999999 0.475296875 0.235796875 0.483 0.2299375 0.500265625 0.23025 0.52125 0.23178125 0.524328125 0.23178125 0.533578125 0.229015625 0.535734375 0.221296875 0.53975 0.20865625 0.5255625 0.19940625 0.51353125 0.19940625 0.491328125 0.19909375 0.47868750000000004 0.202796875
18 0.54515625 0.24706250000000002 0.561453125 0.24767187499999999 0.565453125 0.25290625 0.5925312500000001 0.25290625 0.59684375 0.248296875 0.6106874999999999 0.248296875 0.675296875 0.25259375 0.6814375 0.256296875 0.702984375 0.25690625 0.7048281249999999 0.25382812499999996 0.7180625 0.25290625 0.7208281249999999 0.24921875 0.7220625 0.23137500000000003 0.67559375 0.21721875000000002 0.663296875 0.20860937499999999 0.654951171875 0.20830078125 0.650671875 0.204296875 0.64660546875 0.2079921875 0.6442187500000001 0.198453125 0.64098046875 0.2037578125 0.63591015625 0.1979921875 0.6312890624999999 0.20321875 0.6276015625 0.19753125 0.62159765625 0.2026796875 0.6192929687500001 0.1970703125 0.6112968750000001 0.1956875 0.6132226562499999 0.20675781249999997 0.604876953125 0.20644921875 0.6037578124999999 0.201375 0.6016015625 0.20198437500000002 0.60053125 0.19553125 0.59653125 0.20614062500000002 0.591296875 0.20182812499999997 0.589765625 0.19537500000000002 0.553765625 0.19537500000000002 0.546078125 0.20153125 0.539296875 0.212296875 0.533765625 0.22953125000000002 0.531296875 0.230453125 0.52853125 0.234453125 0.54515625 0.24706250000000002
18 0.737140625 0.24490625000000002 0.737140625 0.24767187499999999 0.7537499999999999 0.24846875000000002 0.761671875 0.242140625 0.818671875 0.24728124999999998 0.8194531250000001 0.250453125 0.8364843750000001 0.249265625 0.83925 0.24728124999999998 0.8451875 0.24253125 0.8459843749999999 0.22985937500000003 0.843609375 0.223140625 0.81075 0.21759374999999997 0.796109375 0.2049375 0.7585 0.201765625 0.75059375 0.21165625000000002 0.711015625 0.2144375 0.709828125 0.22471875 0.723671875 0.23184375 0.724078125 0.24371874999999998 0.737140625 0.24490625000000002
18 0.9164257812500001 0.21153906249999999 0.9443125 0.210671875 0.9598437499999999 0.21795312500000003 0.9629843749999999 0.21795312500000003 0.96678125 0.216796875 0.9672812499999999 0.21331250000000002 0.966625 0.2091875 0.9443125 0.203234375 0.9438124999999999 0.20471875 0.9375312499999999 0.202578125 0.93468359375 0.20699218749999998 0.92939453125 0.20262109375 0.9255546875 0.209265625 0.9212578125 0.20266406250000002 0.9049843750000001 0.20274999999999999 0.8995312500000001 0.20853125 0.8940781250000001 0.2143125 0.9072968749999999 0.21381250000000002 0.9155625000000001 0.21034375 0.9164257812500001 0.21153906249999999
74 0.0013281249999999999 0.195046875 0.0021562499999999997 0.195046875 0.025359375 0.192140625 0.030343750000000003 0.2281875 0.06348437500000001 0.23151562499999997 0.07964062499999999 0.22404687499999998 0.10201562500000001 0.22321875000000002 0.101609375 0.20789062500000002 0.09912499999999999 0.197953125 0.082125 0.192140625 0.07675 0.16853125 0.048562499999999995 0.16314062499999998 0.05021875 0.14615625000000002 0.015828125000000002 0.1399375 0 0.14159375000000002 0.0013281249999999999 0.195046875
18 0.88709375 0.243953125 0.904484375 0.203015625 0.933640625 0.19965625 0.891578125 0.20414062500000002 0.8786875000000001 0.214796875 0.882609375 0.24507812499999998 0.88709375 0.243953125