9 0.21982812499999999 0.344015625 0.2925625 0.31815625000000003 0.3394375 0.339171875 0.35721875000000003 0.30684374999999997 0.431578125 0.276125 0.43803125 0.348875 0.459046875 0.39251562500000003 0.47521874999999997 0.38765625 0.459046875 0.34078125 0.45581250000000006 0.29390625 0.446125 0.25996874999999997 0.512390625 0.250265625 0.50915625 0.22603125 0.447734375 0.20178124999999997 0.42834374999999997 0.22925 0.35075 0.203390625 0.3636875 0.15167187499999998 0.308734375 0.13065625 0.307109375 0.169453125 0.313578125 0.22764062499999999 0.295796875 0.205015625 0.257 0.169453125 0.16971875 0.187234375 0.15032812499999998 0.276125 0.21982812499999999 0.344015625
49 0.6875312499999999 0.325015625 0.686828125 0.323625 0.681828125 0.3216875 0.681828125 0.318765625 0.68071875 0.316953125 0.6779375 0.316125 0.676546875 0.317515625 0.6758437500000001 0.32223437499999996 0.67265625 0.32404687499999996 0.6720937499999999 0.33015625000000004 0.676828125 0.3335 0.681828125 0.336828125 0.6852968749999999 0.33585937499999996 0.684890625 0.335578125 0.6891875 0.33404687499999997 0.6875312499999999 0.325015625
18 0.33034375 0.6221875 0.707859375 0.64409375 0.75 0.666015625 0.7955 0.662640625 0.82584375 0.65084375 0.8460625 0.6255625 0.883140625 0.617140625 0.891578125 0.55478125 0.87303125 0.5396093750000001 0.864609375 0.5177031249999999 0.8022500000000001 0.47387499999999994 0.758421875 0.462078125 0.638765625 0.44521875 0.562921875 0.413203125 0.510671875 0.3778125 0.42471875 0.360953125 0.264609375 0.35590625 0.19718750000000002 0.366015625 0.185390625 0.392984375 0.10112499999999999 0.45196875 0.0960625 0.4688125 0.09775 0.507578125 0.07753125 0.537921875 0.092703125 0.585109375 0.15337499999999998 0.6221875 0.17021875 0.64409375 0.23090625 0.6778125 0.267984375 0.6744375 0.31179687500000003 0.659265625 0.33034375 0.6221875
18 0.9186249999999999 0.329109375 0.927546875 0.329328125 0.9328125 0.323375 0.9438124999999999 0.322 0.94196875 0.318109375 0.9234375 0.316734375 0.9229687500000001 0.315375 0.905109375 0.31490625 0.903046875 0.31651562499999997 0.8815312499999999 0.317203125 0.8748906249999999 0.32178125 0.894359375 0.33528125000000003 0.9067187499999999 0.33528125000000003 0.9186249999999999 0.329109375
18 0.604390625 0.37315624999999997 0.60790625 0.39849999999999997 0.6437968749999999 0.40834374999999995 0.657171875 0.41467187499999997 0.6663281249999999 0.419609375 0.680390625 0.4203125 0.6825 0.4069375 0.6916562500000001 0.404828125 0.695171875 0.39215625 0.7198125 0.38371875 0.7880625 0.378078125 0.798625 0.376671875 0.8295937500000001 0.360484375 0.8521093750000001 0.3499375 0.9041874999999999 0.34571874999999996 0.88659375 0.3253125 0.8774374999999999 0.322484375 0.7359843749999999 0.31475 0.7148749999999999 0.32178125 0.662796875 0.346421875 0.628328125 0.35275 0.61565625 0.3611875 0.61003125 0.36753125 0.604390625 0.37315624999999997
18 0.523140625 0.336671875 0.51734375 0.343484375 0.519078125 0.348984375 0.53284375 0.349265625 0.538484375 0.34796875 0.538484375 0.341890625 0.5568906250000001 0.33782812500000003 0.56978125 0.3368125 0.571078125 0.33478125 0.5805 0.333765625 0.6009218749999999 0.32232812499999997 0.601359375 0.32160937500000003 0.5739687499999999 0.320734375 0.5509375000000001 0.3345 0.5280625 0.33478125 0.523140625 0.336671875
18 0.519234375 0.340953125 0.5256093749999999 0.33584375 0.54221875 0.32946875000000003 0.564890625 0.31796875 0.5875625 0.31796875 0.5875625 0.31190625 0.577984375 0.309984375 0.5288125 0.311578125 0.528171875 0.329140625 0.50709375 0.336171875 0.50453125 0.34767187499999996 0.518265625 0.35150000000000003 0.519234375 0.340953125
18 0.5190625 0.3316875 0.528109375 0.328953125 0.528328125 0.312734375 0.51653125 0.3123125 0.5049375 0.32178125 0.494828125 0.3236875 0.50178125 0.32684375 0.50515625 0.33421875 0.512109375 0.33253125 0.5190625 0.3316875
18 0.03515625 0.29328125 0.022125 0.2930625 0.007203125 0.293484375 0.0006875 0.293703125 0.00046875 0.30190625 0.001953125 0.3016875 0.009515625 0.299375 0.013093750000000001 0.30021875 0.017296875 0.304203125 0.01834375 0.31660937499999997 0.01896875 0.31703125 0.020453125 0.31660937499999997 0.023171875 0.323765625 0.020234375 0.32796875000000003 0.018765625 0.329640625 0.022343750000000002 0.33195312499999996 0.038515625 0.33259375 0.043984375 0.333015625 0.051765625 0.336375 0.05765625 0.33846875 0.067734375 0.33846875 0.07173437499999999 0.33468749999999997 0.074046875 0.332171875 0.08056250000000001 0.33132812500000003 0.094640625 0.330484375 0.095484375 0.328796875 0.0938125 0.327125 0.09528125 0.321875 0.09506250000000001 0.32018749999999996 0.0944375 0.31725 0.09232812500000001 0.30989062500000003 0.0875 0.30778125 0.07698437500000001 0.3063125 0.055343750000000004 0.295375 0.0561875 0.295375 0.05450000000000001 0.29496875 0.03515625 0.29328125
18 0.9008749999999999 0.3450625 0.904109375 0.349171875 0.9370156250000001 0.350046875 0.934671875 0.348578125 0.93025 0.34359375000000003 0.9220312500000001 0.337421875 0.89646875 0.33595312499999996 0.8949999999999999 0.33595312499999996 0.896171875 0.338890625 0.9008749999999999 0.3450625
49 0.67303125 0.31429687500000003 0.669453125 0.311546875 0.6660781250000001 0.3168125 0.661234375 0.317453125 0.660390625 0.32440625 0.663125 0.327140625 0.671984375 0.3275625 0.67471875 0.322078125 0.67303125 0.317234375 0.6721874999999999 0.317234375 0.67303125 0.31429687500000003
18 0.71590625 0.445 0.7403593749999999 0.45314062499999996 0.774109375 0.45546875 0.78459375 0.470609375 0.8125312499999999 0.47992187499999994 0.8323281250000001 0.4694375 0.848625 0.45081249999999995 0.991828125 0.45546875 0.9871718749999999 0.470609375 0.99765625 0.470609375 0.99765625 0.36117187500000003 0.96621875 0.3506875 0.901015625 0.34953124999999996 0.855609375 0.351859375 0.799734375 0.37396875 0.728703125 0.38328125 0.699609375 0.39260937500000004 0.68096875 0.411234375 0.6798124999999999 0.422875 0.686796875 0.43451562499999996 0.71590625 0.445
18 0.6 0.36328125 0.61796875 0.3640625 0.63828125 0.35078125 0.66484375 0.34609375 0.684375 0.33359375 0.62734375 0.31875 0.61171875 0.3203125 0.6 0.32578125 0.55234375 0.34375 0.54453125 0.34375 0.540625 0.35234375 0.6 0.36328125
18 0.551171875 0.33468749999999997 0.573359375 0.320859375 0.601265625 0.32156250000000003 0.6096250000000001 0.320859375 0.6078281249999999 0.32014062499999996 0.588390625 0.317984375 0.56321875 0.31834375000000004 0.5374531250000001 0.331234375 0.529578125 0.334453125 0.5297031249999999 0.335171875 0.551171875 0.33468749999999997
18 0.393859375 0.345328125 0.43334374999999997 0.346625 0.44596875 0.350515625 0.45859375 0.352125 0.462484375 0.360875 0.4650625 0.36378125 0.47056250000000005 0.36571875 0.48415625 0.36571875 0.48934375 0.363140625 0.494203125 0.356984375 0.498734375 0.35634375 0.5061718749999999 0.35148437499999996 0.5065000000000001 0.342421875 0.504234375 0.334984375 0.5032656249999999 0.325265625 0.494203125 0.321390625 0.45696875 0.318140625 0.441109375 0.30260937499999996 0.43411875 0.30636406250000003 0.43334374999999997 0.297109375 0.38220312500000003 0.293875 0.375734375 0.299046875 0.3725 0.30876562500000004 0.37120312499999997 0.34015625 0.37819375 0.3364015625 0.38253125 0.34274218749999996 0.393859375 0.345328125
49 0.5914531249999999 0.313921875 0.5934062499999999 0.315171875 0.593953125 0.314125 0.59584375 0.31259375 0.595984375 0.31078125 0.59821875 0.310296875 0.5991875 0.310078125 0.598984375 0.3086875 0.5973124999999999 0.30721875 0.596953125 0.305609375 0.594796875 0.303875 0.59284375 0.304296875 0.592 0.307359375 0.589359375 0.308546875 0.589640625 0.309375 0.590609375 0.310640625 0.5914531249999999 0.313921875
18 0.2165625 0.291734375 0.19675 0.29125 0.191109375 0.30140625 0.214625 0.315734375 0.226546875 0.3149375 0.22703125000000002 0.30575 0.22590625000000003 0.300109375 0.2165625 0.291734375
18 0.078125 0.3078125 0.090625 0.309375 0.0984375 0.325 0.1140625 0.325 0.1203125 0.33125 0.1328125 0.33125 0.1375 0.325 0.153125 0.325 0.1625 0.3125 0.1625 0.3015625 0.2053977265625 0.2902698859375 0.2296875 0.2921875 0.2265625 0.3046875 0.228125 0.315625 0.23125 0.31875 0.259375 0.3171875 0.2625 0.3140625 0.26328125 0.30546875 0.5898792609375 0.31178977343750003 0.9109197437500001 0.3292613640625 0.90625 0.3375 0.915625 0.3375 0.9177083328125001 0.3411458328125 0.91875 0.3375 0.921875 0.3375 0.9265625 0.3421875 0.925 0.34427083281250004 0.928125 0.3515625 0.96875 0.3515625 0.984375 0.3578125 0.9953125 0.3578125 0.9984375 0.3546875 0.9984375 0.3390625 0.9890625 0.321875 0.978125 0.321875 0.975 0.325 0.9328125 0.3234375 0.928125 0.3296875 0.268838778125 0.29431818125000003 0.2640625 0.296875 0.26100852343750003 0.2938920453125 0.2578125 0.2875 0.2531782671875 0.293465909375 0.25 0.2875 0.2453480109375 0.2930397734375 0.2421875 0.2875 0.23751775625 0.2926136359375 0.234375 0.2875 0.1973011359375 0.28963068125 0.1649147734375 0.2870738640625 0.1625 0.290625 0.15625 0.2828125 0.15681818125 0.286434659375 0.148721590625 0.2857954546875 0.1482142859375 0.2821428578125 0.140178571875 0.2814732140625 0.140625 0.28515625 0.132528409375 0.2845170453125 0.1321428578125 0.280803571875 0.1241071421875 0.28013392812500004 0.12443181875 0.283877840625 0.11633522656249999 0.2832386359375 0.116071428125 0.2794642859375 0.10803571406250001 0.2787946421875 0.10823863593750001 0.28259943125000003 0.1001420453125 0.28196022656249997 0.1 0.278125 0.0920454546875 0.2813210234375 0.0919270828125 0.278125 0.08394886406249999 0.28068181875 0.0838541671875 0.278125 0.07585227343749999 0.2800426140625 0.07578125 0.278125 0.06770833281250001 0.278125 0.06775568125 0.279403409375 0.0515625 0.278125 0.0421875 0.2875 0.0421875 0.2953125 0.0546875 0.2953125 0.078125 0.3078125