47 0.187078125 0.438484375 0.257859375 0.7721875 0.190453125 0.866578125 0.82415625 0.8632031250000001 0.731453125 0.75028125 0.8039375 0.425 0.82246875 0.39465625000000004 0.7971874999999999 0.34409375 0.21573437499999998 0.34915625 0.188765625 0.35421874999999997 0.166859375 0.364328125 0.165171875 0.40478125 0.187078125 0.438484375
26 1 0.263453125 0.9938593750000001 0.25871875 0.9523125 0.25609375 0.926015625 0.263453125 0.9254843749999999 0.29290625000000003 0.94021875 0.307640625 0.944953125 0.32340625 0.965453125 0.335515625 0.9922812499999999 0.3365625 1 0.3365625 0.999125 0.27396875 1 0.263453125
26 0.181734375 0.325953125 0.202578125 0.3171875 0.20642187500000003 0.3073125 0.20696875 0.286484375 0.204765625 0.26784375 0.20203125000000002 0.2618125 0.19928125000000002 0.250296875 0.18996875 0.246453125 0.17790625 0.24481250000000002 0.162546875 0.24481250000000002 0.14884375 0.249734375 0.141171875 0.254125 0.142265625 0.29415625 0.14775 0.31225 0.15871875 0.324859375 0.181734375 0.325953125
41 0.11446875000000001 0.201234375 0.1139375 0.2098125 0.118109375 0.21345312500000002 0.1201875 0.21553125 0.12253125000000001 0.222296875 0.12928125 0.231640625 0.13604687499999998 0.240484375 0.1365625 0.24646875000000001 0.141765625 0.250890625 0.14254687500000002 0.23996875 0.14254687500000002 0.23503124999999997 0.130578125 0.21553125 0.12693749999999998 0.20954687500000002 0.126421875 0.20565625 0.126421875 0.20175 0.124609375 0.20045312499999998 0.122265625 0.1968125 0.117578125 0.197859375 0.11446875000000001 0.201234375
41 0.09253125 0.22999999999999998 0.097234375 0.234125 0.09812499999999999 0.235890625 0.101953125 0.23942187499999998 0.10695312500000001 0.24796875 0.10960937500000001 0.249734375 0.111375 0.24707812499999998 0.110203125 0.234421875 0.0960625 0.215578125 0.093703125 0.207328125 0.09223437500000001 0.201140625 0.08634375 0.19584375 0.0828125 0.196140625 0.0786875 0.19996875 0.078390625 0.205859375 0.081921875 0.21381250000000002 0.085171875 0.216453125 0.08721875 0.22146875000000002 0.09253125 0.22999999999999998
41 0.14021875 0.205109375 0.12846875 0.1985 0.127 0.2124375 0.150484375 0.24765625 0.15342187499999999 0.243984375 0.15415625 0.23151562499999997 0.14021875 0.205109375
41 0.10601562499999999 0.197140625 0.0999375 0.20725 0.12978125000000001 0.25075 0.13179687499999998 0.250234375 0.13028125 0.2340625 0.118140625 0.21432812499999998 0.11612499999999999 0.20371875 0.10601562499999999 0.197140625
41 0.11764062500000001 0.17195312499999998 0.125203125 0.17835937500000001 0.128640625 0.191859375 0.13092187500000002 0.19690625 0.13803125 0.198734375 0.13825 0.20103125 0.140765625 0.20445312499999999 0.14351562499999998 0.20103125 0.130703125 0.164625 0.12703124999999998 0.160953125 0.120390625 0.1639375 0.11764062500000001 0.17195312499999998
41 0.088609375 0.172515625 0.10278125 0.19615625 0.11821875 0.19540625 0.10353125 0.1623125 0.094828125 0.15882812500000001 0.088109375 0.161828125 0.088609375 0.172515625
41 0.11428125 0.127453125 0.11721875 0.136984375 0.13995312499999998 0.169265625 0.15462499999999998 0.167796875 0.15242187499999998 0.166328125 0.137015625 0.12671875 0.11428125 0.127453125
41 0.12109375 0.23865625000000001 0.10375000000000001 0.21196874999999998 0.10375000000000001 0.211296875 0.09740625 0.212625 0.09740625 0.21796875 0.098078125 0.22096875 0.09907812499999999 0.22364062499999998 0.10175000000000001 0.22731249999999997 0.11942187500000001 0.24932812499999998 0.12209375 0.23965625 0.12209375 0.23932812499999997 0.12109375 0.23865625000000001
41 0.07956250000000001 0.20675 0.078921875 0.197171875 0.06965625 0.19653125 0.069015625 0.20642187500000003 0.07125000000000001 0.21090625 0.076046875 0.21440625 0.084984375 0.230375 0.09328125000000001 0.239953125 0.099671875 0.24762499999999998 0.099984375 0.238359375 0.09712499999999999 0.23548437500000002 0.08434375 0.21696875000000002 0.07956250000000001 0.20675
14 0.89371875 0.289375 0.88984375 0.280171875 0.8579062499999999 0.269046875 0.8172499999999999 0.2685625 0.8046562500000001 0.275828125 0.8012656249999999 0.3005 0.822078125 0.314546875 0.8690312499999999 0.317453125 0.8699999999999999 0.317453125 0.887421875 0.31115624999999997 0.89371875 0.289375
57 1 0.393609375 0.9213749999999999 0.3941875 0.9236718749999999 0.40904687500000003 0.99740625 0.485640625 1 0.48792187499999995 1 0.393609375
26 0.07596875 0.354875 0.10518749999999999 0.35876562500000003 0.1383125 0.345125 0.12662500000000002 0.275 0.095453125 0.2633125 0.062343749999999996 0.278890625 0.07596875 0.354875
47 0.5289375 0.25278125 0.52621875 0.25278125 0.527390625 0.25653125 0.52575 0.26168749999999996 0.5236562499999999 0.2673125 0.522484375 0.27151562500000004 0.519671875 0.27128125000000003 0.5208437499999999 0.28815625 0.51896875 0.29259375 0.49484374999999997 0.29259375 0.493671875 0.289796875 0.494140625 0.274796875 0.491328125 0.2745625 0.483375 0.270359375 0.48079687499999996 0.257 0.48009375 0.2523125 0.443328125 0.252546875 0.42248437499999997 0.253015625 0.42121875 0.266890625 0.42493749999999997 0.271140625 0.40981249999999997 0.28121874999999996 0.38328125 0.286796875 0.343484375 0.2894375 0.31906249999999997 0.286265625 0.298109375 0.28175 0.293859375 0.27723437500000003 0.29465625 0.27326562499999996 0.29571875 0.254421875 0.264140625 0.25415625 0.261234375 0.254953125 0.23709375000000002 0.282015625 0.224875 0.29740625 0.17415624999999998 0.35475 0.796265625 0.3434375 0.74303125 0.2898125 0.7129375 0.25509375 0.63425 0.2535625 0.5289375 0.25278125
41 0.099859375 0.202828125 0.10378125 0.19834374999999999 0.09818750000000001 0.195 0.09146875 0.20059375 0.09090625 0.19890625 0.09090625 0.2045 0.093703125 0.21121875 0.09929687499999999 0.212890625 0.099859375 0.202828125