18 0.3603125 0.7471875 0.342921875 0.786125 0.34103125 0.8129531249999999 0.33914062500000003 0.8299687499999999 0.33990624999999997 0.844703125 0.34103125 0.8537812499999999 0.350484375 0.852265625 0.36371875 0.8530156249999999 0.383375 0.8530156249999999 0.38601562500000003 0.840171875 0.38260937500000003 0.8345 0.38071875 0.8125781249999999 0.40189062499999995 0.7581562500000001 0.41134375 0.752859375 0.398484375 0.7475625 0.3603125 0.7471875
18 0.329390625 0.838640625 0.330515625 0.8408906249999999 0.333515625 0.8416406249999999 0.337265625 0.842390625 0.33878125 0.837890625 0.33915625 0.810484375 0.34253125 0.79096875 0.34440624999999997 0.782703125 0.34703125 0.775578125 0.34928125 0.7695624999999999 0.33953125 0.7695624999999999 0.333140625 0.7706875 0.325265625 0.7710625 0.3215 0.7718125 0.315875 0.7789531249999999 0.311375 0.786828125 0.309484375 0.7890937499999999 0.307234375 0.79134375 0.306109375 0.79846875 0.309859375 0.8059843750000001 0.312875 0.8112343750000001 0.312875 0.8172499999999999 0.312875 0.822125 0.31325 0.8210000000000001 0.315875 0.82925 0.3185 0.833390625 0.32601562500000003 0.8363906249999999 0.329390625 0.838640625
74 0.5388437500000001 0.722125 0.5422343749999999 0.837 0.543921875 0.8657031249999999 0.6165468749999999 0.862328125 0.9881718749999999 0.862328125 0.9983124999999999 0.8640156250000001 1 0.56165625 0.96621875 0.55996875 0.827703125 0.5852968749999999 0.84121875 0.673140625 0.71959375 0.666390625 0.709453125 0.583609375 0.731421875 0.56840625 0.6233125 0.55659375 0.540546875 0.590375 0.543921875 0.5988125 0.543921875 0.68496875 0.5388437500000001 0.722125
49 0.310109375 0.686234375 0.2983125 0.49578125 0.39775 0.4300625 0.39270312500000004 0.39971875 0.3050625 0.438484375 0.29493749999999996 0.41993749999999996 0.27471875 0.384546875 0.22415625 0.3744375 0.190453125 0.44690624999999995 0.1516875 0.64578125 0.17696875 0.708140625 0.190453125 0.79915625 0.1516875 0.8632031250000001 0.158421875 0.8632031250000001 0.27809375 0.8648906249999999 0.310109375 0.686234375
72 0.5844375 0.137921875 0.578890625 0.137921875 0.577765625 0.125 0.423203125 0.1256875 0.423203125 0.13348437500000002 0.418765625 0.13570312499999998 0.418765625 0.141265625 0.423203125 0.14015625 0.41765625 0.19464062499999998 0.41431250000000003 0.19796875 0.420984375 0.20242187500000003 0.41653124999999996 0.252453125 0.41209375000000004 0.260234375 0.41431250000000003 0.263578125 0.415421875 0.27803125 0.482140625 0.274703125 0.48548437499999997 0.261359375 0.48659375000000005 0.24021875 0.501046875 0.19240625 0.558875 0.15237499999999998 0.573328125 0.162390625 0.5744374999999999 0.15126562500000001 0.5844375 0.137921875
72 0.297203125 0.459640625 0.2915 0.49103125 0.30434375 0.5452656250000001 0.482734375 0.535265625 0.45704687499999996 0.5038750000000001 0.46275000000000005 0.366875 0.38282812499999996 0.36115624999999996 0.3756875 0.381140625 0.32003125 0.37828125 0.30434375 0.43679687500000003 0.38425 0.39968750000000003 0.39425 0.425375 0.297203125 0.459640625
18 0.99634375 0.7287343749999999 0.959921875 0.713734375 0.938484375 0.707296875 0.918140625 0.707296875 0.8806406250000001 0.707296875 0.72315625 0.706234375 0.619234375 0.722296875 0.5988749999999999 0.7319375 0.553875 0.87121875 0.711359375 0.875 0.9995625 0.873359375 0.99634375 0.7287343749999999
18 0.38603125 0.84621875 0.396734375 0.836578125 0.40209374999999997 0.847296875 0.404234375 0.855859375 0.421375 0.875 0.43209375000000005 0.873 0.426734375 0.810859375 0.428875 0.7990781250000001 0.43209375000000005 0.7969375000000001 0.46959375000000003 0.7894375 0.4653125 0.754078125 0.40639062499999995 0.754078125 0.380671875 0.802296875 0.377453125 0.839796875 0.38603125 0.84621875
18 0.312640625 0.78075 0.31290625 0.78346875 0.30909375 0.7891874999999999 0.31209375 0.785109375 0.3208125 0.77121875 0.33414062499999997 0.770125 0.33223437499999997 0.761140625 0.32053125 0.760609375 0.30093749999999997 0.762234375 0.294671875 0.770671875 0.2963125 0.77965625 0.305828125 0.77965625 0.312640625 0.78075
18 0.344265625 0.75709375 0.34440624999999997 0.7541249999999999 0.344140625 0.749296875 0.34275 0.746875 0.3414375 0.7458437499999999 0.34075 0.7455625 0.329984375 0.745984375 0.32915625 0.747078125 0.32934375 0.7506875 0.330125 0.7517031249999999 0.33199999999999996 0.755765625 0.33220312500000004 0.756953125 0.332265625 0.756953125 0.344265625 0.75709375
18 0.293421875 0.77059375 0.297125 0.765578125 0.300296875 0.761625 0.33223437499999997 0.761890625 0.333015625 0.764796875 0.33803125 0.76346875 0.3385625 0.75925 0.33434375 0.7584531250000001 0.33196875000000003 0.756875 0.32853125 0.752640625 0.326421875 0.750796875 0.295546875 0.75159375 0.294484375 0.752125 0.292640625 0.76109375 0.293421875 0.77059375