14 1 0.22282812500000002 0.972671875 0.203609375 0.91059375 0.178484375 0.8958125000000001 0.17109375 0.026609375 0.172578125 0.002953125 0.1814375 0.001484375 0.8200312500000001 0.8189375 0.8185625 0.9224218750000001 0.749078125 0.9667656250000001 0.710640625 0.796765625 0.67665625 0.739109375 0.660390625 0.6918124999999999 0.62490625 0.6785 0.59978125 0.6666875 0.577609375 0.656328125 0.54509375 0.660765625 0.5214375 0.6785 0.483 0.703640625 0.4534375 0.70659375 0.449 0.74059375 0.42239062499999996 0.74946875 0.41795312500000004 0.7849375000000001 0.40465625000000005 0.8337187500000001 0.39134375 0.8825 0.3854375 0.898765625 0.37953125 0.9638125000000001 0.378046875 0.9992812499999999 0.38692187499999997 1 0.38692187499999997 1 0.22282812500000002
15 0.644203125 0.579203125 0.652265625 0.5680468750000001 0.655359375 0.5575 0.6615624999999999 0.517203125 0.6776718749999999 0.483109375 0.6658906250000001 0.456453125 0.652875 0.43165624999999996 0.642953125 0.43165624999999996 0.638 0.42545312500000004 0.638 0.43351562499999996 0.627453125 0.42421875 0.60390625 0.417390625 0.598328125 0.4205 0.5915 0.42979687499999997 0.578484375 0.440328125 0.571671875 0.452734375 0.577859375 0.45210937500000004 0.59521875 0.4570625 0.605765625 0.46575 0.608234375 0.49178125 0.597078125 0.50728125 0.602046875 0.51471875 0.620015625 0.547578125 0.620015625 0.5494375 0.63428125 0.579203125 0.644203125 0.579203125
19 0.330390625 0.2415 0.301796875 0.28132812500000004 0.30690625 0.314 0.34059375 0.344640625 0.3630625 0.338515625 0.40084375000000005 0.29357812499999997 0.41820312499999995 0.269078125 0.414125 0.22925 0.398796875 0.21596875 0.355921875 0.217 0.330390625 0.2415
19 0.48773437499999994 0.403015625 0.502734375 0.404890625 0.515859375 0.45082812499999997 0.506484375 0.466765625 0.528046875 0.463015625 0.528046875 0.45364062499999996 0.5524218750000001 0.440515625 0.559921875 0.416140625 0.545859375 0.391765625 0.516796875 0.380515625 0.483984375 0.384265625 0.45304687499999996 0.409578125 0.45679687500000005 0.41051562500000005 0.482109375 0.40676562499999996 0.48773437499999994 0.403015625
61 0.8484999999999999 0.382484375 0.758328125 0.4105625 0.690328125 0.44456249999999997 0.656328125 0.5524843749999999 0.67703125 0.610125 0.786421875 0.6825625 0.9992812499999999 0.70621875 0.9978125 0.39134375 0.9445937499999999 0.3765625 0.8484999999999999 0.382484375
15 0.42545312500000004 0.48628125000000005 0.426359375 0.46204687499999997 0.40123437500000003 0.46025 0.372515625 0.45128124999999997 0.3545625 0.44409375000000006 0.340203125 0.443203125 0.32584375 0.4530625 0.32584375 0.45934375000000005 0.33840625 0.478203125 0.34828125 0.48896875 0.359953125 0.503328125 0.36712500000000003 0.5176875 0.38328125 0.541921875 0.407515625 0.520375 0.420078125 0.5105000000000001 0.42545312500000004 0.48628125000000005
15 0.537296875 0.605328125 0.541203125 0.62490625 0.55946875 0.670578125 0.57121875 0.6731874999999999 0.59078125 0.6770937499999999 0.61428125 0.67840625 0.636453125 0.674484375 0.64559375 0.6666562500000001 0.632546875 0.6562187500000001 0.620796875 0.620984375 0.622109375 0.6092500000000001 0.628625 0.5870625 0.626015625 0.5661875000000001 0.610359375 0.544 0.6038281249999999 0.536171875 0.59078125 0.5218281250000001 0.5855625 0.46571875 0.5725156250000001 0.477453125 0.558171875 0.483984375 0.579046875 0.562265625 0.533375 0.5753125 0.5125 0.594890625 0.537296875 0.605328125
15 0.15453125 0.7564062500000001 0.180375 0.737359375 0.15453125 0.69246875 0.09603125 0.6435 0.042984375000000005 0.659828125 0.029390624999999997 0.69246875 0.01578125 0.734640625 0.007625 0.7931250000000001 0.04434375 0.817609375 0.083796875 0.78496875 0.14364062500000002 0.7836093749999999 0.15453125 0.7564062500000001
19 0.563375 0.3535625 0.58475 0.35684375 0.606125 0.366703125 0.617640625 0.368359375 0.61928125 0.35190625 0.60859375 0.337109375 0.5896874999999999 0.323140625 0.5724218750000001 0.320671875 0.54365625 0.356015625 0.54446875 0.35684375 0.563375 0.3535625
15 0.333453125 0.561375 0.3491875 0.55696875 0.36178125 0.55003125 0.3649375 0.526734375 0.36178125 0.510359375 0.35612499999999997 0.497765625 0.33659374999999997 0.47698437499999996 0.326515625 0.46439062499999995 0.31203125 0.46439062499999995 0.29503124999999997 0.46501562500000004 0.267328125 0.47195312500000003 0.254734375 0.48014062500000004 0.240875 0.49651562499999996 0.23395312499999998 0.5154062500000001 0.237734375 0.5361875 0.24465625000000002 0.5538125 0.26228125 0.5701875000000001 0.2981875 0.57334375 0.30070312499999996 0.5689375 0.31456249999999997 0.56640625 0.333453125 0.561375
15 0.393078125 0.214109375 0.41171875 0.23128125000000002 0.415640625 0.24060937500000001 0.428890625 0.25434375 0.43478125 0.234234375 0.43968749999999995 0.22196875 0.44753125000000005 0.213625 0.469125 0.219015625 0.48040625 0.223921875 0.486296875 0.213125 0.48678125000000005 0.205765625 0.48139062499999996 0.192515625 0.47893749999999996 0.186640625 0.47403125 0.1841875 0.46618750000000003 0.18270312500000002 0.43771875 0.186640625 0.428890625 0.187125 0.41465625 0.189578125 0.40289062500000006 0.188109375 0.39649999999999996 0.183203125 0.38668749999999996 0.17976562499999998 0.370015625 0.17485937499999998 0.363625 0.174375 0.353328125 0.17976562499999998 0.35135937500000003 0.1841875 0.34890625000000003 0.1900625 0.3474375 0.19496875 0.344984375 0.2033125 0.346453125 0.21018750000000003 0.3479375 0.21509375 0.349890625 0.219015625 0.36215625 0.2165625 0.374421875 0.21509375 0.393078125 0.214109375
15 0.21554687499999997 0.3715 0.22309375 0.36145312500000004 0.228109375 0.348890625 0.226859375 0.33884375 0.22999999999999998 0.330671875 0.245703125 0.330671875 0.245703125 0.32628124999999997 0.25198437500000004 0.31623437499999996 0.278359375 0.3080625 0.2946875 0.296140625 0.296578125 0.285453125 0.277109375 0.277921875 0.24757812499999998 0.27351562500000004 0.213671875 0.271015625 0.18540625 0.283578125 0.162796875 0.30115625 0.162796875 0.321890625 0.196078125 0.36459375 0.21554687499999997 0.3715