61 0.49831250000000005 0.462 0.47634375 0.45692187500000003 0.440875 0.43834375000000003 0.41384375 0.43834375000000003 0.391890625 0.45692187500000003 0.390203125 0.49240625 0.4324375 0.514359375 0.45776562500000006 0.5075937500000001 0.489859375 0.4738125 0.7145312500000001 0.45692187500000003 0.71959375 0.451859375 0.709453125 0.43834375000000003 0.49831250000000005 0.462
19 0.7361718749999999 0.7495625 0.72121875 0.719046875 0.715234375 0.6933125 0.7038593750000001 0.6939062500000001 0.700265625 0.70109375 0.70265625 0.7088593750000001 0.707453125 0.7328125 0.720609375 0.754953125 0.723015625 0.75675 0.7361718749999999 0.7597343750000001 0.7361718749999999 0.7495625
19 0.631890625 0.72428125 0.6229375 0.710421875 0.611765625 0.714 0.6113125 0.720703125 0.61534375 0.730984375 0.6198125 0.737703125 0.6229375 0.740828125 0.629203125 0.7623125 0.6368125 0.7909375 0.643515625 0.7945156250000001 0.648 0.7909375 0.6444062500000001 0.791375 0.64978125 0.78825 0.648 0.773046875 0.63815625 0.740828125 0.631890625 0.72428125
19 0.69459375 0.752703125 0.701703125 0.7499374999999999 0.7013125 0.712421875 0.691046875 0.71203125 0.69221875 0.74321875 0.69459375 0.752703125
19 0.65675 0.7711875 0.684546875 0.77928125 0.69971875 0.7924218749999999 0.717921875 0.8045625 0.729046875 0.8050625 0.7320781249999999 0.792921875 0.7083125 0.77371875 0.6896093750000001 0.764109375 0.667875 0.759046875 0.6466406250000001 0.75703125 0.644609375 0.75703125 0.644609375 0.76309375 0.65675 0.7711875
61 0.8812656249999999 0.6697656249999999 0.8899687500000001 0.652828125 0.900140625 0.629109375 0.903515625 0.620390625 0.915140625 0.595234375 0.938859375 0.547796875 0.949015625 0.530859375 0.947078125 0.51875 0.9403124999999999 0.515859375 0.932078125 0.5206875 0.9252968750000001 0.52940625 0.9098124999999999 0.566671875 0.898203125 0.6039375 0.8812656249999999 0.64653125 0.86915625 0.671703125 0.8623749999999999 0.673640625 0.848828125 0.6818593749999999 0.842046875 0.6871875000000001 0.8338281249999999 0.70703125 0.8372187500000001 0.705578125 0.8812656249999999 0.678484375 0.8812656249999999 0.6697656249999999
61 0.961765625 0.46854687500000003 0.9596718750000001 0.462296875 0.9534375 0.459171875 0.8850625000000001 0.48278125000000005 0.8507187500000001 0.49907812500000004 0.833015625 0.509140625 0.8090781249999999 0.5226875 0.816359375 0.5265 0.8246874999999999 0.52025 0.85175 0.518859375 0.9114375000000001 0.49665625 0.9548125000000001 0.478953125 0.962109375 0.47340625000000003 0.961765625 0.46854687500000003
61 0.3601875 0.19598437500000002 0.363578125 0.205046875 0.440140625 0.24728124999999998 0.456359375 0.254828125 0.47181249999999997 0.25971875 0.46917187499999996 0.254828125 0.42128125 0.223140625 0.38621875 0.20051562500000003 0.36471875 0.19184375 0.3601875 0.19598437500000002
61 0.8789984375 0.549975 0.8789999999999999 0.553515625 0.8839062500000001 0.5542812500000001 0.8918203124999999 0.5606875 0.897484375 0.563328125 0.89823125 0.56604375 0.9046421875 0.5714 0.9152109375 0.5959453124999999 0.9106875000000001 0.6051875 0.923875 0.6278125 0.936703125 0.631578125 0.9566874999999999 0.641765625 0.965359375 0.64403125 0.9495156250000001 0.61575 0.923875 0.58746875 0.919734375 0.586703125 0.9174640625 0.5821125 0.9076562499999999 0.572375 0.9054062500000001 0.5667187499999999 0.9050312500000001 0.557296875 0.9076562499999999 0.54484375 0.9061562500000001 0.536171875 0.8993593750000001 0.528625 0.8842812500000001 0.519953125 0.86165625 0.518078125 0.8552500000000001 0.52071875 0.8533593749999999 0.529390625 0.8725875000000001 0.5446187499999999 0.8725885421875 0.5469791671875 0.8789984375 0.549975
61 0.73408506875 0.7489010421875 0.7382447921875 0.75553125 0.739609375 0.75478125 0.7424045140625 0.7621614578125 0.747265625 0.7605234375000001 0.7525703125 0.754484375 0.7552187499999999 0.762140625 0.754921875 0.7662656250000001 0.7465642359375 0.7687916671874999 0.770203125 0.8069843750000001 0.907328125 0.873375 0.913671875 0.871046875 0.9156718749999999 0.8667031250000001 0.9063281249999999 0.8463593749999999 0.867625 0.8313437499999999 0.8329375000000001 0.814328125 0.765546875 0.784296875 0.749921875 0.7468281250000001 0.7418697921875 0.7430989578125 0.7351875 0.7482968750000001 0.7338177078125 0.7393697921875 0.725765625 0.735640625 0.729925346875 0.7422708328125001 0.731953125 0.742703125 0.73408506875 0.7489010421875
14 0.490109375 0.309234375 0.51003125 0.31242187499999996 0.549890625 0.314015625 0.57221875 0.311625 0.5865625 0.30365625 0.632015625 0.252625 0.632015625 0.24306250000000001 0.61446875 0.23029687499999998 0.577 0.222328125 0.528375 0.21834375 0.490109375 0.21595312500000002 0.462203125 0.22153125 0.4430625 0.22790625000000003 0.43589062500000003 0.231890625 0.46299999999999997 0.24784375 0.46618750000000003 0.24943749999999998 0.471765625 0.24943749999999998 0.478140625 0.248640625 0.48371875 0.24704687500000003 0.496484375 0.239875 0.498078125 0.23509375000000002 0.50525 0.243859375 0.5235937500000001 0.24704687500000003 0.53953125 0.242265625 0.54590625 0.23509375000000002 0.55946875 0.23907812499999997 0.565046875 0.23907812499999997 0.5817812499999999 0.23828125 0.594546875 0.23907812499999997 0.602515625 0.24306250000000001 0.6128750000000001 0.24704687500000003 0.616859375 0.250234375 0.6160625 0.256609375 0.6096874999999999 0.261390625 0.553875 0.268578125 0.5235937500000001 0.26778124999999997 0.491703125 0.262984375 0.431109375 0.245453125 0.462203125 0.28053125 0.47335937499999997 0.29646875 0.478140625 0.30365625 0.490109375 0.309234375
14 0.76909375 0.6716562500000001 0.799359375 0.667703125 0.81384375 0.636125 0.849375 0.6190156250000001 0.8730625 0.6190156250000001 0.8809687500000001 0.6190156250000001 0.888859375 0.574265625 0.8717499999999999 0.542671875 0.853328125 0.526875 0.812515625 0.5058125 0.74803125 0.49396874999999996 0.69275 0.5005625 0.6677500000000001 0.5189843749999999 0.665109375 0.530828125 0.662484375 0.5953125 0.6782812500000001 0.62428125 0.7269687499999999 0.661125 0.76909375 0.6716562500000001
14 0.8732031250000001 0.8239218749999999 0.9076875 0.8320000000000001 0.929703125 0.840796875 0.9355625 0.8363906249999999 0.9436406249999999 0.825390625 0.950234375 0.8180624999999999 0.9634375000000001 0.81071875 0.9825156249999999 0.8011874999999999 0.996453125 0.792375 1 0.672796875 0.9913125 0.663265625 0.983984375 0.658125 0.9678437499999999 0.6500625 0.9561093749999999 0.64053125 0.9414374999999999 0.636859375 0.917953125 0.6287812500000001 0.9003593750000001 0.624390625 0.87834375 0.62071875 0.8651406250000001 0.61778125 0.8563281249999999 0.621453125 0.835796875 0.6273125 0.8181875 0.6331875 0.8130468750000001 0.6383281249999999 0.810125 0.6441874999999999 0.80425 0.655203125 0.80278125 0.666203125 0.803515625 0.675 0.814515625 0.715359375 0.818921875 0.741765625 0.8218593750000001 0.763765625 0.835796875 0.7953125 0.849 0.8063125 0.8409375000000001 0.801921875 0.8526718750000001 0.809984375 0.8732031250000001 0.8239218749999999
14 0.412140625 0.434984375 0.381046875 0.44614062499999996 0.369890625 0.46209375 0.366703125 0.4764375 0.369890625 0.48521875000000003 0.37307812500000004 0.50434375 0.37307812500000004 0.51071875 0.46078125 0.5609531249999999 0.523765625 0.568921875 0.5397031250000001 0.568921875 0.573984375 0.5665312499999999 0.601890625 0.55378125 0.62021875 0.5354375 0.631390625 0.4995625 0.606671875 0.467671875 0.590734375 0.462890625 0.58115625 0.45651562500000004 0.5731875 0.451734375 0.54528125 0.43896875 0.48550000000000004 0.4341875 0.45918749999999997 0.4341875 0.412140625 0.434984375
14 0.574265625 0.692078125 0.56721875 0.716 0.572859375 0.753296875 0.601 0.818046875 0.6129687500000001 0.8370468750000001 0.6291562500000001 0.854640625 0.680515625 0.8694218749999999 0.712890625 0.8623749999999999 0.7727031249999999 0.838453125 0.793828125 0.818046875 0.8071875000000001 0.80115625 0.812125 0.793421875 0.81915625 0.767375 0.815640625 0.7497812500000001 0.8008593749999999 0.716703125 0.774125 0.6885625 0.73259375 0.664640625 0.69740625 0.65196875 0.6305625 0.653375 0.6150781249999999 0.65478125 0.58975 0.6695625 0.574265625 0.692078125
14 0.691015625 0.46854687500000003 0.7264062499999999 0.44157812500000004 0.7264062499999999 0.42134375 0.717984375 0.38090625 0.6101093750000001 0.37078125 0.5511250000000001 0.37078125 0.52584375 0.384265625 0.52078125 0.40449999999999997 0.51909375 0.40785937499999997 0.54775 0.436515625 0.6016874999999999 0.463484375 0.637078125 0.47865624999999995 0.691015625 0.46854687500000003
14 0.56678125 0.3694375 0.585984375 0.363953125 0.679734375 0.38260937500000003 0.722515625 0.388078125 0.7252500000000001 0.406734375 0.7285468749999999 0.406734375 0.77021875 0.351890625 0.7691250000000001 0.34421875 0.761984375 0.340375 0.7422500000000001 0.356828125 0.741703125 0.35957812499999997 0.718671875 0.36067187500000003 0.71209375 0.35846875 0.732921875 0.35025 0.755953125 0.334890625 0.703875 0.3283125 0.5854375 0.30584375 0.534984375 0.341484375 0.533890625 0.34203125 0.536625 0.36779687499999997 0.56678125 0.3694375
14 0.42989062499999997 0.24896875000000002 0.41878125 0.244625 0.39415625 0.238828125 0.369046875 0.239796875 0.33185937499999996 0.24171874999999998 0.30578125 0.24896875000000002 0.296609375 0.258625 0.299984375 0.265875 0.323171875 0.273109375 0.33040625 0.2779375 0.32751562500000003 0.28759375 0.3506875 0.282296875 0.400921875 0.2905 0.41974999999999996 0.290015625 0.4250625 0.27359374999999997 0.43375 0.262484375 0.43471875000000004 0.260078125 0.43375 0.25428125 0.42989062499999997 0.24896875000000002
14 0.6904375 0.21423437500000003 0.659734375 0.20503125 0.59834375 0.19889062500000002 0.5645781249999999 0.21321875 0.5696875 0.21832812499999998 0.596296875 0.22446875 0.629046875 0.23778125 0.62290625 0.2613125 0.6024375 0.29507812499999997 0.651546875 0.297125 0.68940625 0.28893749999999996 0.699640625 0.27665625 0.709875 0.2285625 0.70884375 0.22959374999999999 0.703734375 0.22140624999999997 0.6904375 0.21423437500000003
15 0.315484375 0.560265625 0.32096874999999997 0.562453125 0.326453125 0.56409375 0.33468749999999997 0.570125 0.340171875 0.57178125 0.338515625 0.56409375 0.336875 0.5553281250000001 0.337421875 0.54984375 0.340171875 0.544359375 0.340171875 0.5366875 0.340171875 0.531203125 0.3390625 0.528453125 0.33523437500000003 0.5251718750000001 0.33084375 0.52296875 0.327546875 0.522421875 0.32371875 0.5240625 0.32096874999999997 0.526265625 0.3176875 0.529 0.313296875 0.545453125 0.313296875 0.551484375 0.31165625 0.55478125 0.315484375 0.560265625
15 0.45315625 0.781640625 0.4623125 0.785078125 0.48345312500000004 0.7799375000000001 0.493171875 0.77478125 0.497171875 0.7679218750000001 0.48403124999999997 0.750203125 0.463453125 0.7399218750000001 0.44915625 0.74678125 0.438296875 0.7610625 0.440015625 0.7639218750000001 0.44743750000000004 0.771921875 0.45315625 0.781640625
15 0.296375 0.586171875 0.298109375 0.582359375 0.29984375 0.571609375 0.29603125 0.5563281250000001 0.2894375 0.5466249999999999 0.275890625 0.5504374999999999 0.2661875 0.5566875 0.27 0.5719531250000001 0.269296875 0.588265625 0.274859375 0.592078125 0.281796875 0.58790625 0.296375 0.586171875
19 0.7439843749999999 0.794265625 0.756828125 0.8018281249999999 0.7640156250000001 0.792375 0.7640156250000001 0.78028125 0.7632656250000001 0.7795156249999999 0.755328125 0.7689375 0.736421875 0.7523125 0.736046875 0.758734375 0.7228125000000001 0.758734375 0.7262187499999999 0.76478125 0.7383124999999999 0.7738437499999999 0.7439843749999999 0.7814062500000001 0.7439843749999999 0.794265625
19 0.6698125 0.8226718749999999 0.666484375 0.810359375 0.65615625 0.790390625 0.651828125 0.7820625 0.6491718750000001 0.777734375 0.6485000000000001 0.792390625 0.651171875 0.814015625 0.6565000000000001 0.82434375 0.6678124999999999 0.82734375 0.6698125 0.8226718749999999
27 1 0.519 0.9953125 0.46940625 0.9869999999999999 0.419828125 0.992328125 0.41550000000000004 0.9953125 0.401859375 0.983671875 0.3805625 0.9327500000000001 0.35026562499999997 0.9041406249999999 0.34728125 0.853875 0.32265625 0.845890625 0.30834375 0.8555468749999999 0.30434375 0.861203125 0.2986875 0.857546875 0.29303124999999997 0.8149531250000001 0.290703125 0.785328125 0.284046875 0.76103125 0.27273437500000003 0.738734375 0.2760625 0.702140625 0.26775000000000004 0.70546875 0.23546874999999998 0.708796875 0.2248125 0.700796875 0.21615625 0.6795 0.20817187499999998 0.5903125 0.199859375 0.56603125 0.20418750000000002 0.561359375 0.21782812499999998 0.536078125 0.21615625 0.523765625 0.203515625 0.50878125 0.20018750000000002 0.4958125 0.205171875 0.4928125 0.21217187499999998 0.48715624999999996 0.21582812499999998 0.47284375 0.2125 0.46185937499999996 0.212828125 0.45321875 0.21515625 0.45720312500000004 0.2228125 0.435234375 0.22946875000000003 0.391640625 0.20251562500000003 0.3656875 0.19053124999999999 0.3636875 0.193203125 0.36003124999999997 0.19818750000000002 0.36103125 0.203515625 0.3923125 0.220484375 0.42824999999999996 0.23712499999999997 0.42625 0.23845312500000002 0.41760937499999995 0.245453125 0.406625 0.240453125 0.368359375 0.23845312500000002 0.326421875 0.240453125 0.305125 0.24910937500000002 0.30046875 0.26075 0.2815 0.26075 0.25787499999999997 0.262078125 0.220921875 0.26375000000000004 0.183328125 0.2750625 0.174 0.29503124999999997 0.1380625 0.298359375 0.09446875 0.30534374999999997 0.06253125000000001 0.319328125 0.053203125 0.342953125 0.058203125 0.351609375 0.055203125 0.352609375 0.029578125 0.352609375 0.01128125 0.35526562500000003 0 0.356921875 0 0.391375 0 0.446859375 0 0.564890625 0 0.663765625 0 0.699578125 0 0.699703125 0 0.787546875 0 0.875 0.017937500000000002 0.875 0.14837499999999998 0.875 0.3686875 0.875 0.522765625 0.875 0.6285937500000001 0.875 0.6721874999999999 0.875 0.775015625 0.875 0.922109375 0.875 0.988328125 0.875 0.9933125 0.870078125 1 0.846125 1 0.7792343749999999 1 0.690375 1 0.59553125 1 0.519
32 0.36428125 0.8146093750000001 0.407140625 0.8613593749999999 0.46168750000000003 0.8652656249999999 0.372078125 0.797078125 0.36234375 0.762015625 0.32921875 0.7912343749999999 0.36428125 0.8146093750000001
61 0.738109375 0.358578125 0.74246875 0.359015625 0.7420312499999999 0.35640625 0.74421875 0.351171875 0.76775 0.33199999999999996 0.783875 0.319359375 0.778640625 0.31456249999999997 0.773421875 0.3154375 0.76775 0.32196875 0.736796875 0.349859375 0.7211093749999999 0.349859375 0.7150000000000001 0.35335937500000003 0.7150000000000001 0.359015625 0.717625 0.359890625 0.722421875 0.359890625 0.738109375 0.358578125
14 0.23776562499999998 0.32496875 0.25234375 0.321796875 0.28340624999999997 0.314828125 0.323328125 0.296453125 0.32903125 0.285671875 0.330296875 0.27490625 0.316359375 0.269203125 0.279609375 0.26349999999999996 0.23714062500000002 0.264125 0.1953125 0.272375 0.18009375 0.2863125 0.18643749999999998 0.296453125 0.2048125 0.30025 0.23650000000000002 0.314203125 0.23776562499999998 0.32496875
14 0.23596875 0.320125 0.232375 0.31509375 0.228078125 0.310078125 0.218015625 0.305046875 0.20940625000000002 0.302171875 0.2029375 0.300734375 0.18857812499999999 0.296421875 0.1720625 0.296421875 0.138328125 0.297859375 0.11534375 0.301453125 0.08159374999999999 0.3115 0.05646875 0.326578125 0.05575 0.334484375 0.053593749999999996 0.338796875 0.052875000000000005 0.34596875 0.05575 0.3524375 0.077296875 0.358890625 0.0851875 0.359609375 0.098828125 0.36320312499999996 0.108171875 0.366078125 0.106734375 0.384015625 0.106734375 0.386171875 0.114625 0.390484375 0.21585937500000002 0.34381249999999997 0.23381249999999998 0.32801562500000003 0.23596875 0.320125
14 0.102859375 0.42603125000000003 0.107171875 0.41382812500000005 0.10860937500000001 0.40737500000000004 0.10860937500000001 0.39659374999999997 0.11004687500000002 0.385828125 0.111484375 0.37290625 0.110765625 0.367875 0.10501562499999999 0.362140625 0.09281249999999999 0.357109375 0.044703124999999996 0.352796875 0.0059375 0.354953125 0 0.357109375 0.0009062499999999999 0.467671875 0.015984375000000002 0.45618749999999997 0.0368125 0.44470312500000003 0.076296875 0.43178124999999995 0.102859375 0.42603125000000003
15 0.18015625 0.689 0.18103125 0.6955625000000001 0.194578125 0.6955625000000001 0.203765625 0.696875 0.22604687499999998 0.6973125 0.23653125 0.6916249999999999 0.24265625000000002 0.682453125 0.23784375 0.6741406249999999 0.22954687499999998 0.672828125 0.220359375 0.66846875 0.21425 0.65971875 0.203328125 0.657546875 0.195015625 0.66190625 0.195015625 0.66453125 0.19632812500000002 0.66978125 0.195453125 0.677203125 0.18671875 0.686375 0.18671875 0.680265625 0.18015625 0.680703125 0.18015625 0.689
19 0.639546875 0.81771875 0.64959375 0.8126875 0.64959375 0.80821875 0.6428906249999999 0.796515625 0.6144375 0.7753125 0.6071875 0.7708437499999999 0.592671875 0.7814375 0.639546875 0.81771875
19 0.921125 0.723578125 0.9116093749999999 0.714078125 0.90321875 0.714640625 0.90209375 0.7258281249999999 0.9088125 0.735328125 0.9155312500000001 0.7375625 0.9199999999999999 0.7364531249999999 0.921125 0.723578125
19 0.61484375 0.7555156249999999 0.609890625 0.752046875 0.6118750000000001 0.746109375 0.6257343750000001 0.745125 0.626234375 0.743640625 0.620296875 0.7381875 0.60790625 0.7362031250000001 0.599 0.737203125 0.600984375 0.745609375 0.595046875 0.73521875 0.587609375 0.73275 0.586625 0.7376875 0.587609375 0.74709375 0.58265625 0.7515625 0.585640625 0.758984375 0.593546875 0.764921875 0.6183125 0.774828125 0.6232656249999999 0.7753281249999999 0.62721875 0.771859375 0.631671875 0.77334375 0.631671875 0.761953125 0.625234375 0.759484375 0.61484375 0.7555156249999999
19 0.299515625 0.686796875 0.263671875 0.71253125 0.27745312499999997 0.722640625 0.29307812499999997 0.7520625 0.32340625 0.733671875 0.328921875 0.7051875 0.32156250000000003 0.6923125 0.299515625 0.686796875
19 0.680625 0.7105312500000001 0.6755312499999999 0.721734375 0.6663593750000001 0.721734375 0.65753125 0.72853125 0.65753125 0.7414375 0.659578125 0.7438125 0.6680625 0.7414375 0.663984375 0.735328125 0.667046875 0.72853125 0.6741718750000001 0.726484375 0.680625 0.72546875 0.684703125 0.72546875 0.68878125 0.727171875 0.692515625 0.7380312499999999 0.692171875 0.734296875 0.690484375 0.714265625 0.687765625 0.7101875 0.682328125 0.7088281249999999 0.680625 0.7105312500000001
19 0.6782812500000001 0.8319375000000001 0.6896093750000001 0.834984375 0.71009375 0.8393437499999999 0.7105312500000001 0.8328125 0.707921875 0.828890625 0.7052968749999999 0.8262656249999999 0.699640625 0.82409375 0.690046875 0.82278125 0.683515625 0.82453125 0.67959375 0.8280156249999999 0.6782812500000001 0.8319375000000001
61 0.84028125 0.33967187499999996 0.852 0.34190624999999997 0.8536718750000001 0.33576562499999996 0.8497656250000001 0.329078125 0.84028125 0.32795312499999996 0.8274374999999999 0.329625 0.8229843750000001 0.33576562499999996 0.8274374999999999 0.340234375 0.8313437499999999 0.34246875 0.84028125 0.33967187499999996
15 0.42534375 0.63390625 0.4140625 0.635640625 0.39109375 0.638234375 0.39109375 0.64690625 0.398890625 0.6659843750000001 0.41017187499999996 0.66165625 0.42925 0.65340625 0.42534375 0.63390625
15 0.478234375 0.61234375 0.478921875 0.60490625 0.478234375 0.593421875 0.47384375 0.580578125 0.46439062499999995 0.5785625 0.45425000000000004 0.586328125 0.451546875 0.593421875 0.45221875 0.6052500000000001 0.4525625 0.620796875 0.46878125 0.63059375 0.471140625 0.6285624999999999 0.4775625 0.6211249999999999 0.478234375 0.61234375
15 0.25320312500000003 0.557203125 0.256546875 0.549953125 0.261578125 0.542140625 0.252640625 0.535453125 0.24371874999999998 0.536 0.23757812500000003 0.5449375 0.23590624999999998 0.55553125 0.24651562500000002 0.55665625 0.25320312500000003 0.557203125
14 0 0.549921875 0.026953125 0.5594375 0.074515625 0.5639062499999999 0.12709375 0.5599999999999999 0.12709375 0.55775 0.211015625 0.52028125 0.222765625 0.514125 0.26192187499999997 0.494546875 0.26975 0.47720312500000006 0.26975 0.46712499999999996 0.26751562500000003 0.455375 0.25968749999999996 0.44362500000000005 0.24625 0.434125 0.226671875 0.42796874999999995 0.203171875 0.420140625 0.17353125 0.420140625 0.16178125000000002 0.420140625 0.12262500000000001 0.422375 0.113109375 0.424046875 0.08737500000000001 0.430765625 0.042625 0.44251562499999997 0.012968750000000001 0.4559375 0 0.46935937499999997 0 0.549921875