24 0.514515625 0.594359375 0.5206953125 0.5846822921875 0.616466796875 0.6572604171875 0.61290625 0.6625625 0.59678125 0.658875 0.59678125 0.6830625 0.6258125 0.692734375 0.633875 0.681453125 0.640328125 0.702421875 0.644359375 0.6919375 0.6516093749999999 0.702421875 0.6580625 0.702421875 0.664515625 0.67178125 0.72096875 0.64596875 0.714515625 0.641125 0.723273065625 0.638211309375 0.769359375 0.48306250000000006 0.761296875 0.47015624999999994 0.688703125 0.45887500000000003 0.680640625 0.46290624999999996 0.6806390625 0.4587140625 0.6080625000000001 0.45726562499999995 0.58709375 0.465328125 0.569359375 0.46693749999999995 0.5629062499999999 0.47821875 0.561296875 0.5077916671875 0.5700000000000001 0.512096875 0.5641927078125 0.5180114578125 0.561296875 0.5180052078124999 0.5583854171875 0.5239260421874999 0.561296875 0.52821875 0.5525781249999999 0.5298406250000001 0.5177343750000001 0.565328125 0.52096875 0.5830625 0.514310546875 0.57984375 0.49515624999999996 0.565328125 0.501541015625 0.5701666671875001 0.493140625 0.573390625 0.48709375 0.597578125 0.483875 0.62015625 0.49839062500000003 0.62178125 0.5016093749999999 0.6008125 0.514515625 0.594359375
42 0.65371875 0.5988125 0.65709375 0.5447656249999999 0.52534375 0.53125 0.5202656250000001 0.534625 0.518578125 0.610640625 0.65540625 0.6325937500000001 0.6739843750000001 0.605578125 0.65371875 0.5988125
47 0.22921874999999997 0.435109375 0.21742187500000001 0.43679687500000003 0.190453125 0.431734375 0.187078125 0.40309375000000003 0.1516875 0.413203125 0.12640625 0.413203125 0.12134375 0.4300625 0.12303125 0.583421875 0.12640625 0.5800625 0.22753125000000002 0.6019687499999999 0.22921874999999997 0.435109375
12 0.5078750000000001 0.405109375 0.504203125 0.447921875 0.5078750000000001 0.448828125 0.5085625 0.447921875 0.513140625 0.40532812500000004 0.5078750000000001 0.405109375
12 0.452828125 0.443546875 0.46396875 0.44309374999999995 0.46396875 0.39632812500000003 0.45371875 0.39678125 0.452828125 0.443546875
12 0.522765625 0.45753125 0.52009375 0.498234375 0.5254375 0.49856249999999996 0.526765625 0.45753125 0.522765625 0.45753125
12 0.48657812500000003 0.44642187499999997 0.486453125 0.431859375 0.48796875 0.403421875 0.4800625 0.403703125 0.479234375 0.40384374999999995 0.478546875 0.446 0.48657812500000003 0.44642187499999997
12 0.534265625 0.365734375 0.5309062499999999 0.35562499999999997 0.52921875 0.3960625 0.532578125 0.39775 0.534265625 0.365734375
12 0.466859375 0.35225 0.45506250000000004 0.3539375 0.456734375 0.39437500000000003 0.46854687500000003 0.39437500000000003 0.466859375 0.35225
12 0.35415625 0.5138281250000001 0.340609375 0.5178125 0.349375 0.55528125 0.35734374999999996 0.5536875 0.35415625 0.5138281250000001
77 0.35634375 0.3975625 0.35634375 0.391890625 0.35634375 0.387 0.354453125 0.37870312500000003 0.352953125 0.373046875 0.34615625 0.373421875 0.336734375 0.374171875 0.336734375 0.3779375 0.338609375 0.386625 0.339375 0.39228125 0.34164062500000003 0.3994375 0.34465625 0.400953125 0.348796875 0.40396875000000004 0.355203125 0.40170312499999994 0.35559375000000004 0.40132812500000004 0.3525625 0.40018750000000003 0.35634375 0.3975625
77 0.3649375 0.38378125 0.3656875 0.389421875 0.36531250000000004 0.395078125 0.361921875 0.397703125 0.37471875 0.40334375 0.378109375 0.406734375 0.386390625 0.40109374999999997 0.385625 0.396578125 0.39390625 0.39996875 0.397671875 0.397328125 0.40632812500000004 0.404484375 0.40971875 0.40034375000000005 0.40443749999999995 0.3920625 0.4018125 0.387171875 0.398796875 0.380015625 0.397671875 0.37512500000000004 0.396921875 0.369484375 0.39428125 0.36309375 0.39240624999999996 0.359703125 0.389390625 0.358203125 0.37396875 0.360453125 0.37434375000000003 0.367234375 0.370578125 0.373625 0.3675625 0.3755 0.3649375 0.38378125
14 0.40560937499999994 0.769578125 0.396265625 0.76078125 0.385828125 0.756390625 0.37043750000000003 0.756390625 0.357796875 0.761328125 0.3495625 0.770671875 0.347359375 0.778375 0.35615625 0.80475 0.389125 0.81409375 0.40396875000000004 0.8019999999999999 0.40560937499999994 0.769578125
53 0.498203125 0.612984375 0.498203125 0.618203125 0.5098906249999999 0.618703125 0.522578125 0.61025 0.523078125 0.6060156250000001 0.511390625 0.605265625 0.498203125 0.612984375
12 0.346421875 0.46603125 0.3513125 0.5056406250000001 0.36112500000000003 0.5045 0.35509375 0.46264062499999997 0.346421875 0.46603125
12 0.381625 0.431484375 0.381625 0.44349999999999995 0.38309375 0.451078125 0.38625 0.450453125 0.384984375 0.42517187500000003 0.38140625 0.42328124999999994 0.381625 0.431484375
12 0.4965 0.45248437499999994 0.49768749999999995 0.493328125 0.497390625 0.49567187500000004 0.502671875 0.49567187500000004 0.5038437499999999 0.495375 0.504734375 0.467765625 0.5044375 0.4689375 0.5053124999999999 0.45365625 0.51765625 0.451015625 0.50678125 0.44984375 0.4965 0.45248437499999994
12 0.496059375 0.429728125 0.49016562500000005 0.43723124999999996 0.48975 0.44604687500000006 0.500859375 0.447078125 0.501203125 0.443953125 0.49585 0.43840312499999995 0.50148125 0.43583437500000005 0.49634375000000003 0.4286875 0.501759375 0.427715625 0.5020374999999999 0.419596875 0.49651562499999996 0.4196640625 0.496478125 0.41237812500000004 0.4966875 0.410640625 0.502315625 0.41147812500000003 0.5025937500000001 0.40335937499999996 0.4966875 0.403703125 0.49182812499999995 0.40196875 0.490996875 0.4196 0.49626875000000004 0.421053125 0.49058124999999997 0.42841562499999997 0.496059375 0.429728125
77 0.347359375 0.40456250000000005 0.345359375 0.40190625 0.340375 0.399578125 0.337375 0.374609375 0.340375 0.373609375 0.33804687499999997 0.37328125 0.33671875 0.370609375 0.33804687499999997 0.36329687499999996 0.31906249999999997 0.364953125 0.31940625 0.366625 0.32206250000000003 0.369953125 0.32206250000000003 0.373609375 0.32140625 0.378609375 0.315078125 0.383921875 0.32140625 0.408234375 0.3270625 0.408234375 0.334375 0.408234375 0.347359375 0.40456250000000005
49 0.534359375 0.66075 0.538615625 0.6641343749999999 0.54209375 0.67234375 0.592796875 0.68634375 0.597140625 0.676203125 0.5976250000000001 0.659796875 0.6256406250000001 0.66703125 0.626359375 0.6578593749999999 0.6473671875 0.66075 0.64640625 0.67234375 0.6613749999999999 0.6737968750000001 0.681171875 0.67234375 0.690828125 0.6660625 0.706765625 0.662203125 0.7231875 0.6395 0.7207656250000001 0.6327499999999999 0.708703125 0.61778125 0.70965625 0.609078125 0.7029062500000001 0.587359375 0.7029062500000001 0.58059375 0.705796875 0.578171875 0.70628125 0.572859375 0.714015625 0.565625 0.71159375 0.5603125 0.70628125 0.5549999999999999 0.70821875 0.553546875 0.700484375 0.5197499999999999 0.688890625 0.51153125 0.663296875 0.50090625 0.6695781249999999 0.49124999999999996 0.67296875 0.48256249999999995 0.671515625 0.468078125 0.664265625 0.45309375 0.652203125 0.44343750000000004 0.638671875 0.43909374999999995 0.626125 0.44343750000000004 0.6087343749999999 0.458890625 0.6019687499999999 0.48014062500000004 0.605359375 0.4931875 0.6036640625 0.504046875 0.592796875 0.5071875 0.5841093749999999 0.513953125 0.5819375 0.523609375 0.588165625 0.534715625 0.5797656250000001 0.5332656250000001 0.54740625 0.644328125 0.5369427078125 0.6440104171875001 0.538234375 0.635640625 0.524703125 0.631296875 0.52818125 0.6395062499999999 0.523734375 0.6414375 0.531659375 0.647715625 0.52325 0.651578125 0.5356510421875 0.6523802078125 0.534359375 0.66075
22 0.11815625 0.614046875 0.083328125 0.630375 0.08878125 0.64996875 0.114890625 0.66084375 0.12359374999999999 0.66628125 0.16821875 0.731578125 0.175828125 0.731578125 0.220453125 0.713078125 0.2248125 0.6271093750000001 0.209578125 0.6107812499999999 0.19325 0.607515625 0.11815625 0.614046875
12 0.332484375 0.42015624999999995 0.325015625 0.41946874999999995 0.32840625 0.46396875 0.33453125 0.46396875 0.332484375 0.42015624999999995
12 0.511765625 0.36120312499999996 0.50709375 0.36307812500000003 0.505 0.3969375 0.516671875 0.396015625 0.5176093749999999 0.36120312499999996 0.511765625 0.36120312499999996
12 0.3265625 0.525 0.3440625 0.5575 0.328125 0.55625 0.3296875 0.559375 0.3390625 0.5640625 0.3453125 0.5609375 0.3484375 0.565625 0.3484375 0.5859375 0.353125 0.590625 0.3640625 0.590625 0.378125 0.578125 0.3796875 0.5640625 0.3734375 0.5546875 0.353125 0.55625 0.3484375 0.5515625 0.34375 0.53125 0.35625 0.53125 0.378125 0.5234375 0.3890625 0.5125 0.396875 0.4984375 0.409375 0.503125 0.4265625 0.503125 0.4453125 0.49375 0.4515625 0.4953125 0.4546875 0.4984375 0.4546875 0.5078125 0.459375 0.5125 0.4734375 0.515625 0.48125 0.521875 0.4875 0.521875 0.490625 0.525 0.4921875 0.540625 0.496875 0.55 0.5015625 0.5546875 0.5078125 0.55625 0.51875 0.55 0.5234375 0.528125 0.5328125 0.528125 0.5375 0.5328125 0.54375 0.534375 0.5546875 0.528125 0.5578125 0.5171875 0.5578125 0.503125 0.5671875 0.4875 0.5703125 0.475 0.56875 0.453125 0.5578125 0.4328125 0.5578125 0.4265625 0.571875 0.403125 0.575 0.390625 0.575 0.375 0.5640625 0.35 0.54375 0.334375 0.5078125 0.328125 0.478125 0.3296875 0.4671875 0.3421875 0.4640625 0.35 0.446875 0.3484375 0.4421875 0.353125 0.409090909375 0.39375 0.409375 0.403125 0.3828125 0.3953125 0.35625 0.396875 0.346875 0.403125 0.3328125 0.4046875 0.321875 0.4109375 0.3046875 0.4265625 0.2984375 0.4375 0.296875 0.4609375 0.303125 0.5 0.3109375 0.5125 0.3265625 0.525