76 0.343984375 0.44467187499999994 0.269234375 0.37453125 0.176734375 0.33984375 0.113546875 0.3336875 0.033390625 0.3151875 0.021046875 0.3175 0.13974999999999999 0.375296875 0.21218750000000003 0.434640625 0.254578125 0.504015625 0.24456250000000002 0.522515625 0.303140625 0.504015625 0.34553124999999996 0.48628125000000005 0.35246875 0.48165625 0.343984375 0.44467187499999994
76 0.289359375 0.363859375 0.34184375 0.38634375 0.37482812499999996 0.4523125 0.4018125 0.48829687499999996 0.46178125000000003 0.482296875 0.45878125000000003 0.45531249999999995 0.379328125 0.38484375000000004 0.316359375 0.350359375 0.232390625 0.350359375 0.22189062499999998 0.348859375 0.23539062500000002 0.356359375 0.289359375 0.363859375
76 0.517671875 0.43773437499999995 0.466234375 0.38628125 0.394203125 0.3585 0.340703125 0.341015625 0.317046875 0.34615625 0.464171875 0.43257812500000004 0.49195312500000005 0.452125 0.517671875 0.43773437499999995
76 0.507640625 0.425875 0.518328125 0.42884374999999997 0.523953125 0.436546875 0.54325 0.434171875 0.5444375 0.43090624999999994 0.53790625 0.426171875 0.53078125 0.416671875 0.532265625 0.41281249999999997 0.53315625 0.4056875 0.531078125 0.39321875 0.539390625 0.38728125 0.49665625 0.3715625 0.438484375 0.37629687500000003 0.46815625 0.38609375 0.507640625 0.425875
76 0.578421875 0.37721875 0.5758593750000001 0.374640625 0.5655625 0.36778125 0.549703125 0.35750000000000004 0.5325624999999999 0.35150000000000003 0.516703125 0.3485 0.51284375 0.34550000000000003 0.5094218749999999 0.35021874999999997 0.493984375 0.352359375 0.477703125 0.359640625 0.454984375 0.368640625 0.43912500000000004 0.37721875 0.44984375 0.374640625 0.47426562499999997 0.37378125 0.4965625 0.372078125 0.508984375 0.3759375 0.5265625 0.373359375 0.549703125 0.37678124999999996 0.551859375 0.377640625 0.56171875 0.37678124999999996 0.578421875 0.37721875
76 0.647953125 0.3876875 0.6010156249999999 0.3764375 0.5863437499999999 0.38034375 0.611765625 0.395015625 0.643546875 0.4150625 0.661140625 0.41065625 0.664078125 0.40284375 0.647953125 0.3876875
76 0.722078125 0.329234375 0.7059375 0.23803125 0.6954374999999999 0.23318750000000002 0.6865625 0.262234375 0.6623593750000001 0.3623125 0.6776875 0.37120312499999997 0.6954374999999999 0.369578125 0.699484375 0.373609375 0.716421875 0.37120312499999997 0.722078125 0.329234375
76 0 0.380125 0.123890625 0.481625 0.12090624999999999 0.49506249999999996 0.12090624999999999 0.521921875 0.104484375 0.717453125 0.10895312500000001 0.7249218749999999 0.123890625 0.521921875 0.15075 0.5204375 0.18209375 0.515953125 0.18657812499999998 0.53684375 0.20896875 0.535359375 0.2403125 0.5278906250000001 0.249265625 0.504015625 0.24329687500000002 0.47415624999999995 0.2149375 0.44281249999999994 0.159703125 0.389078125 0.083578125 0.344296875 0 0.3174375 0 0.380125
76 0.06446874999999999 0.544234375 0.08695312499999999 0.544234375 0.10345312499999999 0.55321875 0.1214375 0.530734375 0.1229375 0.48425 0.003 0.3808125 0 0.533734375 0.046484375 0.539734375 0.06446874999999999 0.544234375
76 0.34184375 0.44078125 0.34784375 0.46926562499999996 0.305859375 0.51125 0.32534375 0.5037499999999999 0.356828125 0.49775 0.379328125 0.48875 0.3973125 0.48276562500000003 0.34634375 0.394296875 0.33434375 0.385296875 0.284859375 0.36731250000000004 0.21140625000000002 0.349328125 0.20390625 0.349328125 0.269875 0.3748125 0.34184375 0.44078125
76 0.47181249999999997 0.4726875 0.490609375 0.4726875 0.49456249999999996 0.46873437500000004 0.493578125 0.46775 0.48864062500000005 0.4499375 0.35509375 0.3698125 0.45499999999999996 0.453890625 0.4609375 0.47565625 0.47181249999999997 0.4726875
49 0.569984375 0.626015625 0.571875 0.6235 0.5932031249999999 0.6360625 0.60575 0.6448437499999999 0.607 0.658640625 0.60575 0.67871875 0.61328125 0.672453125 0.6208125 0.658015625 0.625828125 0.64609375 0.6189218750000001 0.640453125 0.6051249999999999 0.63103125 0.59571875 0.61471875 0.569984375 0.600296875 0.567484375 0.59590625 0.58128125 0.557625 0.59571875 0.544453125 0.595078125 0.519359375 0.586921875 0.5061718749999999 0.586921875 0.481265625 0.5913125 0.4599375 0.583796875 0.439859375 0.58315625 0.4260625 0.5787656250000001 0.409109375 0.575640625 0.400328125 0.56434375 0.391546875 0.5574375 0.384015625 0.53421875 0.38840625 0.529203125 0.400953125 0.529203125 0.412875 0.53296875 0.424796875 0.538609375 0.431703125 0.545515625 0.431078125 0.54928125 0.43484375000000003 0.537984375 0.462453125 0.536734375 0.48001562499999995 0.5505312499999999 0.48064062500000004 0.5448906250000001 0.507 0.5429999999999999 0.527703125 0.537984375 0.5603281250000001 0.538609375 0.570359375 0.5429999999999999 0.586046875 0.5530468749999999 0.624703125 0.5605781249999999 0.651671875 0.56496875 0.657328125 0.5725 0.658578125 0.568734375 0.664234375 0.5605781249999999 0.664234375 0.562453125 0.6705 0.561828125 0.6849999999999999 0.578140625 0.6849999999999999 0.578140625 0.67746875 0.5743750000000001 0.6360625 0.569984375 0.626015625
49 0.781859375 0.519703125 0.797765625 0.51515625 0.80771875 0.491015625 0.8139687500000001 0.5055 0.80259375 0.54128125 0.7980625 0.5535 0.794640625 0.5716875 0.788109375 0.561171875 0.781578125 0.586171875 0.778171875 0.599796875 0.781859375 0.60975 0.80771875 0.629921875 0.8136875 0.6509375000000001 0.812546875 0.677359375 0.7980625 0.687296875 0.8275937499999999 0.687296875 0.829296875 0.67878125 0.8477656250000001 0.646953125 0.8429375 0.639578125 0.8295937500000001 0.629921875 0.822203125 0.605484375 0.828171875 0.56515625 0.8369687499999999 0.5498125 0.840671875 0.53390625 0.8247656250000001 0.49384375 0.825609375 0.482484375 0.8253281250000001 0.466578125 0.81765625 0.444421875 0.80884375 0.43703125 0.8074375 0.41685937500000003 0.797203125 0.3986875 0.78215625 0.400390625 0.771921875 0.407203125 0.7710625 0.419703125 0.7730625 0.4305 0.772203125 0.435046875 0.7778906250000001 0.43674999999999997 0.778453125 0.4404375 0.784140625 0.443859375 0.78896875 0.440734375 0.793234375 0.44810937500000003 0.791515625 0.45209374999999996 0.7855624999999999 0.47992187499999994 0.7912343749999999 0.4873125 0.781578125 0.507765625 0.781859375 0.519703125
49 0.2048125 0.616328125 0.194515625 0.614859375 0.19793750000000002 0.624171875 0.20431249999999998 0.6256406250000001 0.200390625 0.64034375 0.214609375 0.6418125 0.21949999999999997 0.63740625 0.22734375 0.63690625 0.22390625000000003 0.6256406250000001 0.2224375 0.614375 0.23224999999999998 0.61240625 0.237640625 0.602609375 0.24498437499999998 0.593796875 0.24693749999999998 0.601140625 0.24253125 0.633484375 0.24253125 0.655046875 0.24253125 0.67121875 0.239109375 0.6819843750000001 0.237640625 0.6873750000000001 0.2288125 0.721671875 0.22734375 0.74421875 0.229296875 0.7559843749999999 0.246453125 0.7579374999999999 0.258703125 0.69815625 0.26360937500000003 0.6785625 0.268015625 0.673171875 0.270953125 0.650625 0.272421875 0.634953125 0.287609375 0.601640625 0.28565625 0.621234375 0.28221875 0.655046875 0.28221875 0.675125 0.290546875 0.7089375 0.292015625 0.73784375 0.29446875 0.75940625 0.289578125 0.779984375 0.31015625 0.778515625 0.310640625 0.769203125 0.310640625 0.755 0.315046875 0.724125 0.31309375 0.695703125 0.30965625 0.6815 0.307203125 0.663859375 0.317984375 0.6251562500000001 0.323375 0.5991875 0.32778125 0.581546875 0.32190625 0.5589999999999999 0.315046875 0.5413593750000001 0.30476562500000004 0.528140625 0.296921875 0.521765625 0.290546875 0.5134375 0.28859375 0.5095156249999999 0.25968749999999996 0.516875 0.24351562499999999 0.524703125 0.23126562499999997 0.5320625 0.211171875 0.5345 0.1955 0.5379375 0.201859375 0.5560625 0.21018750000000003 0.580078125 0.214609375 0.5996718750000001 0.2048125 0.616328125
49 0.8346562499999999 0.517953125 0.839234375 0.51909375 0.8498906249999999 0.5198437499999999 0.855234375 0.528609375 0.8651406250000001 0.532046875 0.887234375 0.5415625000000001 0.903984375 0.5461406249999999 0.90321875 0.54003125 0.8822812499999999 0.524796875 0.8670312499999999 0.5171875 0.851421875 0.505 0.85409375 0.49890625 0.8647500000000001 0.49775 0.869703125 0.49660937499999996 0.8738906249999999 0.49546875 0.878078125 0.49165625 0.891796875 0.48365625 0.8921718750000001 0.47528125 0.8830312499999999 0.4775625 0.871984375 0.48328125 0.8643750000000001 0.48060937499999995 0.8685625 0.4775625 0.8670312499999999 0.46728125 0.8586562499999999 0.458515625 0.8491406250000001 0.46309374999999997 0.84609375 0.473375 0.837328125 0.485953125 0.8320000000000001 0.500421875 0.831609375 0.49775 0.831609375 0.505 0.8346562499999999 0.517953125
49 0.87978125 0.43637499999999996 0.8686875000000001 0.4305 0.867375 0.416140625 0.85759375 0.421375 0.8628125000000001 0.43442187499999996 0.85628125 0.438984375 0.847796875 0.457921875 0.8471562499999999 0.46117187499999995 0.85628125 0.455296875 0.8680312499999999 0.47096875000000005 0.8680312499999999 0.48271875 0.88109375 0.47750000000000004 0.883703125 0.46314062500000003 0.885 0.46314062500000003 0.88434375 0.450078125 0.87978125 0.43637499999999996
49 0.9122031249999999 0.52278125 0.9122031249999999 0.537296875 0.9384062500000001 0.54571875 0.950578125 0.5358906250000001 0.948234375 0.5176406250000001 0.93809375 0.514 0.936984375 0.50559375 0.952703125 0.5058125 0.9701875 0.507140625 0.9775 0.503375 0.9701875 0.49296875 0.95115625 0.494078125 0.94096875 0.494078125 0.931453125 0.491421875 0.931453125 0.485890625 0.931453125 0.47859375000000004 0.9272500000000001 0.4715 0.9203906249999999 0.47350000000000003 0.91375 0.47903124999999996 0.912421875 0.48478125 0.9133125 0.48832812499999995 0.9113125 0.491421875 0.90821875 0.498734375 0.899078125 0.5186875 0.906125 0.525125 0.9112656250000001 0.516703125 0.9122031249999999 0.52278125
49 0.8576874999999999 0.42078125 0.866828125 0.416203125 0.8695 0.43143750000000003 0.8706406250000001 0.4306875 0.8691093750000001 0.41696875 0.8702500000000001 0.41010937500000005 0.865296875 0.401359375 0.8664531249999999 0.39678125 0.8698750000000001 0.39640624999999996 0.8717812500000001 0.393359375 0.87634375 0.389546875 0.8706406250000001 0.38496874999999997 0.8664531249999999 0.38610937500000003 0.865296875 0.39068749999999997 0.8584531249999999 0.39259374999999996 0.85540625 0.39715625 0.854640625 0.41354687500000004 0.856546875 0.423453125 0.85540625 0.438296875 0.862640625 0.43525 0.8611093750000001 0.42954687500000005 0.8576874999999999 0.42078125
76 0.5115624999999999 0.372765625 0.5090312499999999 0.378046875 0.537546875 0.387609375 0.54575 0.384296875 0.55765625 0.38546874999999997 0.576609375 0.40245312499999997 0.576796875 0.409296875 0.580515625 0.42003124999999997 0.5816874999999999 0.42843749999999997 0.594375 0.432921875 0.5971093749999999 0.428625 0.6088281249999999 0.42471875 0.6244531249999999 0.43078125 0.63090625 0.427453125 0.628953125 0.41789062499999996 0.63734375 0.4145625 0.6402812499999999 0.411828125 0.6363749999999999 0.4065625 0.6098125 0.39171875 0.584421875 0.378625 0.577 0.37784375 0.567421875 0.377453125 0.54984375 0.37315624999999997 0.5267968749999999 0.370625 0.5115624999999999 0.372765625
36 0.168625 0.821453125 0.17746875 0.8253125000000001 0.2034375 0.82421875 0.23271875 0.8153750000000001 0.237703125 0.8103906249999999 0.23879687500000002 0.79603125 0.23162500000000003 0.786078125 0.20178124999999997 0.78 0.176359375 0.7733749999999999 0.16696875 0.78 0.1575625 0.7938125 0.14540625000000001 0.8059687500000001 0.15425 0.8115 0.168625 0.821453125
22 0.3973125 0.722640625 0.41231249999999997 0.719640625 0.48426562500000003 0.7286406249999999 0.514265625 0.734640625 0.551734375 0.731640625 0.59221875 0.758625 0.60421875 0.7946093750000001 0.622203125 0.787109375 0.60721875 0.761625 0.59521875 0.731640625 0.628203125 0.736140625 0.637203125 0.7406406249999999 0.6596875 0.7811250000000001 0.6626875 0.751125 0.6716875 0.743640625 0.710671875 0.749640625 0.74665625 0.755625 0.760140625 0.776625 0.7676406250000001 0.7976093750000001 0.773640625 0.800609375 0.7676406250000001 0.7811250000000001 0.760140625 0.758625 0.760140625 0.7406406249999999 0.7331562500000001 0.734640625 0.703171875 0.725640625 0.6671875 0.724140625 0.637203125 0.722640625 0.60421875 0.7151562499999999 0.571234375 0.7121562499999999 0.5682343750000001 0.69865625 0.569734375 0.68515625 0.5682343750000001 0.662671875 0.554734375 0.659671875 0.52625 0.6656718749999999 0.47828125000000005 0.667171875 0.46478125 0.661171875 0.47078125000000004 0.6476875 0.45578124999999997 0.652171875 0.421296875 0.650671875 0.3913125 0.6461875 0.373328125 0.6356875 0.352328125 0.610203125 0.33884375 0.596703125 0.31784375 0.596703125 0.32234375000000004 0.608703125 0.34034375 0.6446875000000001 0.362828125 0.68665625 0.373328125 0.71665625 0.33584375 0.745140625 0.33734375 0.752625 0.359828125 0.749640625 0.3973125 0.722640625
49 0.409625 0.5462343749999999 0.41478125 0.547828125 0.41795312500000004 0.5450468749999999 0.40685937499999997 0.540296875 0.36803125 0.5113749999999999 0.33792187500000004 0.51771875 0.34425 0.530390625 0.3605 0.5256406250000001 0.387046875 0.5395 0.400515625 0.545453125 0.409625 0.5462343749999999
49 0.508578125 0.4526875 0.50621875 0.450859375 0.49995312500000005 0.450859375 0.49603125 0.45112500000000005 0.489234375 0.457921875 0.49289062499999997 0.47125000000000006 0.49106249999999996 0.46681249999999996 0.4881875 0.466015625 0.47746875 0.474640625 0.469890625 0.478046875 0.47303125 0.47934374999999996 0.47328125 0.48981250000000004 0.48321875 0.49215625 0.48609375000000005 0.48326562500000003 0.49210937499999996 0.47543749999999996 0.49184374999999997 0.490859375 0.49210937499999996 0.49948437500000004 0.49995312500000005 0.502875 0.506484375 0.502875 0.504921875 0.5023593749999999 0.5022968750000001 0.49346875 0.50884375 0.47621874999999997 0.5111875 0.46471875 0.508578125 0.4526875
49 0.9210625 0.42185937500000004 0.926671875 0.415828125 0.92321875 0.40979687499999995 0.918484375 0.411953125 0.9176249999999999 0.42185937500000004 0.9202031249999999 0.43003125000000003 0.9245156250000001 0.4283125 0.9210625 0.42185937500000004
49 0.459953125 0.815765625 0.4530625 0.8032343750000001 0.43928124999999996 0.799484375 0.42551562499999995 0.78759375 0.41425 0.778828125 0.39796875 0.7681875 0.391078125 0.762546875 0.3766875 0.745640625 0.363546875 0.743140625 0.35226562499999997 0.7443906250000001 0.340375 0.74628125 0.330984375 0.7500312499999999 0.324734375 0.761921875 0.329734375 0.7669374999999999 0.32221875 0.7750781250000001 0.31784375 0.781953125 0.2965625 0.795734375 0.28717187499999997 0.810125 0.3053125 0.811375 0.31721875 0.811375 0.32034375000000004 0.813890625 0.324734375 0.8282812500000001 0.329109375 0.83359375 0.365421875 0.832671875 0.37293750000000003 0.8295312499999999 0.3754375 0.8282812500000001 0.38482812499999997 0.8276562500000001 0.40235937499999996 0.8295312499999999 0.41675000000000006 0.8295312499999999 0.43303125 0.82640625 0.440546875 0.82328125 0.43928124999999996 0.83140625 0.44429687500000004 0.83359375 0.46120312500000005 0.83359375 0.47309375 0.83359375 0.47121874999999996 0.82890625 0.459953125 0.815765625
49 0.527765625 0.46882812500000004 0.529625 0.452640625 0.527140625 0.441125 0.52434375 0.436140625 0.5171718750000001 0.43676562499999994 0.514375 0.441125 0.5084531250000001 0.44485937499999995 0.511265625 0.451078125 0.511890625 0.46167187500000006 0.5131249999999999 0.474125 0.52371875 0.4921875 0.532125 0.49310937499999996 0.5280781250000001 0.48096875 0.527765625 0.46882812500000004
22 0.44609375 0.611046875 0.42904687499999994 0.6075625 0.3611875 0.594765625 0.35148437499999996 0.5920468750000001 0.333265625 0.55559375 0.327828125 0.55909375 0.325125 0.586625 0.327453125 0.594375 0.342953125 0.60096875 0.353421875 0.611046875 0.35535937500000003 0.611828125 0.449984375 0.628109375 0.45773437499999997 0.6265625 0.45695312499999996 0.62190625 0.44609375 0.611046875
22 0.05321875 0.66859375 0.077984375 0.66859375 0.094078125 0.678484375 0.10521875 0.71315625 0.11140625 0.7218125 0.106453125 0.7242968750000001 0.115125 0.726765625 0.18196874999999998 0.6871562499999999 0.1993125 0.6871562499999999 0.2376875 0.688390625 0.242640625 0.672296875 0.243875 0.66115625 0.225296875 0.6265 0.22034375 0.6116406249999999 0.132453125 0.630203125 0.038375 0.5559375 0.033421875000000004 0.579453125 0.033421875000000004 0.57696875 0.025984374999999997 0.672296875 0.05321875 0.66859375
22 0.162890625 0.824921875 0.005203125 0.793734375 0.005203125 0.824921875 0.100515625 0.824921875 0.162890625 0.824921875
22 0.457515625 0.609640625 0.457515625 0.60275 0.349828125 0.581078125 0.346875 0.58796875 0.36262500000000003 0.595203125 0.42731250000000004 0.6040625000000001 0.42928125 0.61259375 0.44603125 0.6132500000000001 0.45784375 0.627703125 0.46079687500000005 0.62671875 0.45357812500000005 0.61259375 0.457515625 0.609640625
22 0 0.70746875 0.01565625 0.709703125 0.011453125 0.715546875 0.00446875 0.718125 0.00040625000000000004 0.7210156249999999 0.0001875 0.7261562500000001 0.014046875 0.729625 0 0.741109375 0.026921875 0.719671875 0.0270703125 0.71266015625 0.035828125 0.71271875 0.039781250000000004 0.7233958328125001 0.046109375 0.721609375 0.044437500000000005 0.7263437500000001 0.033875 0.733296875 0.04234375 0.7318541671875 0.051609375 0.764703125 0.06967187500000001 0.801140625 0.076165625 0.79103125 0.07946484375 0.787890625 0.083578125 0.7956875 0.0805 0.7991718750000001 0.09896875000000001 0.8032812500000001 0.07470312500000001 0.7486875000000001 0.062578125 0.750859375 0.0584609375 0.743546875 0.067765625 0.7384999999999999 0.06348437500000001 0.727078125 0.050062499999999996 0.702375 0.050484375000000005 0.6973906249999999 0.09489062499999999 0.678765625 0.0938125 0.675734375 0.089921875 0.67140625 0.0806015625 0.6808203125000001 0.0765572921875 0.6753697921875 0.07128124999999999 0.681359375 0.06587499999999999 0.684828125 0.0673177078125 0.6754427078125 0.034 0.676171875 0.02553125 0.68565625 0.024140625 0.676828125 0.01715625 0.6861614578124999 0.015859375000000002 0.678015625 0.00878125 0.6866666671874999 0.00040625000000000004 0.687171875 0.000921875 0.678796875 0 0.679984375 0.0002708328125 0.6974322921875 0.008296874999999999 0.6991875000000001 0 0.70746875
22 0.349171875 0.559796875 0.420421875 0.57521875 0.430921875 0.57653125 0.4414375 0.5798125 0.44078125 0.575546875 0.43290625 0.5735781249999999 0.430921875 0.567015625 0.40893750000000006 0.560453125 0.352125 0.54928125 0.34753124999999996 0.550265625 0.348515625 0.55059375 0.347203125 0.554859375 0.349171875 0.559796875
22 0.397609375 0.645359375 0.421390625 0.6506406250000001 0.44693750000000004 0.6484375 0.4839375 0.64403125 0.483484375 0.641390625 0.47468750000000004 0.64271875 0.464546875 0.64271875 0.44825 0.639625 0.435484375 0.63346875 0.364140625 0.6206875000000001 0.36457812500000003 0.62553125 0.375140625 0.6383125 0.397609375 0.645359375
22 0.3401875 0.5364375 0.355078125 0.538921875 0.376421875 0.545375 0.38089062500000004 0.5523281250000001 0.397765625 0.5508437500000001 0.428546875 0.5553125 0.4265625 0.547359375 0.408203125 0.544390625 0.37990625 0.5448906250000001 0.373953125 0.5369375 0.36303125 0.5324687499999999 0.34515625 0.53346875 0.3401875 0.51709375 0.33275 0.51609375 0.329765625 0.52503125 0.33721875 0.5285 0.3401875 0.5364375
49 0.9770156249999999 0.43307812500000004 0.975375 0.44457812499999994 0.973484375 0.45490624999999996 0.9744375 0.45890624999999996 0.9758437499999999 0.45279687500000004 0.97865625 0.44715625000000003 0.9793593749999999 0.450453125 0.9826406249999999 0.4603125 0.9840625 0.46101562500000004 0.9842968750000001 0.45279687500000004 0.982171875 0.43870312499999997 0.982171875 0.43401562499999996 0.9852343749999999 0.43307812500000004 0.98359375 0.432140625 0.98146875 0.428140625 0.981234375 0.423921875 0.9800625000000001 0.42132812499999994 0.9772500000000001 0.420390625 0.9760781250000001 0.422734375 0.9770156249999999 0.426734375 0.9770156249999999 0.43307812500000004
76 0.788171875 0.36103125 0.807609375 0.36789062499999997 0.829328125 0.351875 0.8030312500000001 0.34387500000000004 0.7893125000000001 0.333578125 0.774453125 0.3324375 0.757296875 0.334734375 0.7344375000000001 0.34615625 0.72528125 0.353015625 0.738234375 0.35703125 0.7625 0.35703125 0.774625 0.35876562500000003 0.774625 0.38303125 0.779015625 0.38046875 0.782453125 0.38046875 0.788171875 0.36103125
36 0.181421875 0.7417812500000001 0.20014062500000002 0.7450625 0.214265625 0.7404531249999999 0.22509375 0.729296875 0.22115625 0.726671875 0.2191875 0.726671875 0.2086875 0.73028125 0.195875 0.730609375 0.18209375 0.730609375 0.173546875 0.73225 0.16107812500000002 0.73290625 0.163375 0.73290625 0.160421875 0.7375 0.181421875 0.7417812500000001
36 0.1902375 0.72783125 0.19680681875 0.721981534375 0.19813125 0.726615625 0.2040383515625 0.7184488640625 0.20602499999999999 0.7253999999999999 0.20237500000000003 0.747859375 0.21027083281249997 0.74421875 0.21128125 0.7510989578125 0.22018749999999998 0.7543385421875 0.22990624999999998 0.749484375 0.22909375 0.757578125 0.24184375 0.7545468750000001 0.249734375 0.758796875 0.26128125 0.7624375 0.26128125 0.774578125 0.28131249999999997 0.77215625 0.27828125 0.7047656250000001 0.266734375 0.705359375 0.26189062500000004 0.6901875000000001 0.2329644890625 0.70431818125 0.23153125000000002 0.703546875 0.24003125 0.6774375 0.22545312499999998 0.6780468749999999 0.207234375 0.684109375 0.1963125 0.6986875 0.184171875 0.695046875 0.181734375 0.7011093749999999 0.18234375 0.729046875 0.18957528437499999 0.7255142046875 0.1902375 0.72783125
49 0.09375 0.59140625 0.1015625 0.59765625 0.1109375 0.59765625 0.1203125 0.58671875 0.1290625 0.59078125 0.125 0.59921875 0.1265625 0.60390625 0.1234375 0.60703125 0.1234375 0.61640625 0.128125 0.62109375 0.18125 0.62109375 0.1875 0.61953125 0.1921875 0.61484375 0.19375 0.60546875 0.1890625 0.59609375 0.1953125 0.59609375 0.2 0.58984375 0.2 0.57890625 0.1953125 0.57265625 0.2911764703125 0.50307904375 0.3297794125 0.4959558828125 0.3328125 0.49921875 0.3328125 0.50859375 0.3375 0.51328125 0.3515625 0.51328125 0.35625 0.51015625 0.3609375 0.51328125 0.3671875 0.51171875 0.40625 0.53984375 0.409375 0.54921875 0.4265625 0.54921875 0.43125 0.54453125 0.4328125 0.53515625 0.5732954546875 0.46896306875000004 0.5890151515625 0.4672585234375 0.5921875 0.47109375 0.5921875 0.48046875 0.6046875 0.49296875 0.615625 0.49609375 0.6578125 0.49609375 0.6609375 0.49296875 0.6625 0.48359375 0.6578125 0.47734375 0.6421875 0.47734375 0.64515625 0.45703125 0.7578125 0.43515625 0.7578125 0.44453125 0.7625 0.44921875 0.7541666671875 0.45390625 0.7581249999999999 0.45671875 0.7546875 0.46171875 0.7473958328125 0.46015625 0.740625 0.46640625 0.749375 0.47171874999999996 0.740625 0.48671875 0.7546875 0.50390625 0.7640625 0.50390625 0.7671875 0.50078125 0.76875 0.48984375 0.8703125 0.50546875 0.8703125 0.51484375 0.878125 0.52421875 0.8875 0.52421875 0.890625 0.52109375 0.89375 0.50546875 0.8921875 0.48359375 0.875 0.49453125 0.77978515625 0.4462890625 0.775 0.44609375 0.7724609375 0.442578125 0.7765625 0.43671875 0.7734375 0.43671875 0.771875 0.43046875 0.76513671875 0.4388671875 0.7625 0.43046875 0.621015625 0.46171875 0.6203125 0.46796875 0.6129687500000001 0.46328125 0.6125 0.4674479171875 0.6049218749999999 0.46484375 0.3671875 0.49140625 0.359375 0.49140625 0.353219696875 0.4928267046875 0.3515625 0.49140625 0.0904411765625 0.5401194859375 0.084375 0.54296875 0.0827205875 0.5415441171875 0.075 0.54296875 0.0703125 0.54765625 0.0703125 0.55703125 0.0734375 0.56484375 0.09375 0.59140625
76 0.6625 0.40234375 0.6609375 0.41171875 0.65 0.41484375 0.6390625 0.41328125 0.6296875 0.41796875 0.6265625 0.43046875 0.60625 0.42578125 0.609375 0.43046875 0.621875 0.43671875 0.6609375 0.43671875 0.6734375 0.43046875 0.684375 0.41796875 0.690625 0.40078125 0.70625 0.41328125 0.7328125 0.41484375 0.7453125 0.40859375 0.753125 0.40078125 0.7625 0.38046875 0.7625 0.37109375 0.75625 0.35703125 0.734375 0.35703125 0.728125 0.35390625 0.7328125 0.34765625 0.7421875 0.34296875 0.7328125 0.33671875 0.721875 0.33671875 0.7203125 0.34296875 0.690234375 0.3515625 0.68916015625 0.35810546875 0.6810546875 0.3595703125 0.6751953125 0.355859375 0.6625 0.35859375 0.6390625 0.35703125 0.621875 0.35859375 0.609375 0.36484375 0.6 0.37421875 0.6 0.37734375 0.6484375 0.38828125 0.6625 0.40234375