76 0.2444375 0.319515625 0.253421875 0.33001562500000003 0.263921875 0.334515625 0.292421875 0.337515625 0.33890625 0.351 0.34790625 0.34950000000000003 0.36290625 0.351 0.43187499999999995 0.3585 0.44837499999999997 0.363 0.455875 0.3585 0.58484375 0.363 0.613328125 0.363 0.710796875 0.36150000000000004 0.8337656250000001 0.3525 0.9327343750000001 0.33001562500000003 0.9942187499999999 0.309015625 1 0.295515625 0.9987187499999999 0.27603125 0.97771875 0.24453125 0.929734375 0.202546875 0.88025 0.16484375 0.35690625 0.1665625 0.34190624999999997 0.178546875 0.283421875 0.22954687499999998 0.23543750000000002 0.27603125 0.22193749999999998 0.297015625 0.22193749999999998 0.306015625 0.2444375 0.319515625
49 0.578640625 0.600703125 0.601171875 0.588671875 0.629734375 0.5510937499999999 0.63575 0.5781562499999999 0.63575 0.5931875 0.65078125 0.620234375 0.65828125 0.63978125 0.649265625 0.684859375 0.631234375 0.815625 0.713890625 0.8276406250000001 0.713890625 0.8231249999999999 0.68834375 0.699890625 0.7334375 0.8231249999999999 0.7454531249999999 0.8261406250000001 0.7499687500000001 0.778046875 0.71690625 0.6022031250000001 0.6718124999999999 0.558609375 0.6733125 0.537578125 0.6673125 0.49098437500000003 0.634234375 0.474453125 0.613203125 0.492484375 0.617703125 0.54659375 0.569609375 0.570640625 0.532046875 0.603703125 0.52903125 0.666828125 0.532046875 0.67884375 0.565109375 0.663828125 0.578640625 0.600703125
49 0.4006875 0.7794218749999999 0.5226875 0.719171875 0.5904843750000001 0.666453125 0.64621875 0.698078125 0.65675 0.61221875 0.6296406250000001 0.6031875 0.546796875 0.6739843750000001 0.503109375 0.62578125 0.42176562500000003 0.59565625 0.42478125 0.586609375 0.435328125 0.52334375 0.471484375 0.494734375 0.450390625 0.47665625 0.435328125 0.43446875 0.39465625000000004 0.384765625 0.3133125 0.392296875 0.2846875 0.46459374999999997 0.25909375 0.47815624999999995 0.25456249999999997 0.49623437499999995 0.29674999999999996 0.588125 0.228953125 0.6046875 0.114484375 0.711640625 0.1054375 0.7251875 0.2846875 0.7869531249999999 0.4006875 0.7794218749999999
18 0.7248593750000001 0.673640625 0.750140625 0.7808125 0.7585625 0.779875 0.79084375 0.73634375 0.800203125 0.73446875 0.81659375 0.72325 0.8198593750000001 0.651640625 0.783828125 0.635734375 0.75621875 0.6371249999999999 0.7318749999999999 0.659125 0.730953125 0.659125 0.726265625 0.6600625 0.7248593750000001 0.673640625
49 0.81875 0.6081562500000001 0.8198593750000001 0.5959531250000001 0.837078125 0.543203125 0.874828125 0.515453125 0.8476250000000001 0.47603125 0.808203125 0.48490625 0.7987656249999999 0.5354375 0.804875 0.535984375 0.822078125 0.5593125 0.810421875 0.6031718749999999 0.81375 0.610390625 0.813203125 0.61815625 0.8170937500000001 0.619828125 0.81875 0.6081562500000001
49 0.07321875 0.697828125 0.095515625 0.71028125 0.127640625 0.66896875 0.11453125 0.6506093749999999 0.08175 0.6440625 0.05682812499999999 0.646671875 0.058796875000000005 0.6283125 0.054203125 0.5719375 0.041749999999999995 0.57259375 0.03125 0.547015625 0.019453124999999998 0.49915624999999997 0.0010937499999999999 0.48276562500000003 0.00240625 0.56734375 0.0017500000000000003 0.6361875 0.0056875 0.640125 0.050265625 0.685359375 0.07321875 0.697828125
49 0.75165625 0.475796875 0.75390625 0.49292187500000006 0.752546875 0.49878125000000006 0.750296875 0.51275 0.76021875 0.547015625 0.761125 0.560546875 0.759765625 0.57496875 0.7557031249999999 0.5857812499999999 0.763375 0.59525 0.796734375 0.5997656250000001 0.80890625 0.59525 0.81521875 0.5844375 0.81521875 0.555125 0.792671875 0.49878125000000006 0.778703125 0.48209375000000004 0.766984375 0.46721874999999996 0.7638281250000001 0.462265625 0.753 0.46721874999999996 0.75165625 0.475796875
49 0.671984375 0.52578125 0.671984375 0.55403125 0.678640625 0.569546875 0.70965625 0.592265625 0.72571875 0.63546875 0.744 0.620515625 0.74953125 0.5966875 0.740671875 0.5606875 0.7207343749999999 0.539078125 0.70521875 0.52025 0.7019062500000001 0.500859375 0.694703125 0.47371875 0.66478125 0.46762499999999996 0.659796875 0.4836875 0.6614687499999999 0.487015625 0.670875 0.503078125 0.671984375 0.52578125
49 0.121078125 0.5324375 0.135359375 0.541953125 0.14070312499999998 0.537484375 0.146953125 0.48454687500000004 0.14040625 0.471171875 0.134171875 0.46907812499999996 0.12345312500000001 0.46967187499999996 0.11304687499999999 0.475328125 0.107390625 0.4854375 0.11156250000000001 0.5199374999999999 0.121078125 0.5324375
49 0.21032812500000003 0.47964062500000004 0.211171875 0.49325 0.217125 0.506859375 0.212875 0.512828125 0.206921875 0.5306875 0.18734375 0.531546875 0.164375 0.539203125 0.13034375 0.574078125 0.109078125 0.608109375 0.10821875 0.6038593750000001 0.098859375 0.559609375 0.106515625 0.510265625 0.105671875 0.48475 0.09290625 0.47028125000000004 0.086109375 0.45921874999999995 0.081 0.46176562499999996 0.075046875 0.46346875 0.07078124999999999 0.46687500000000004 0.06653125 0.46176562499999996 0.064828125 0.4694375 0.064828125 0.47623437500000004 0.0656875 0.486453125 0.069078125 0.49665625 0.082703125 0.513671875 0.069078125 0.5842968749999999 0.069078125 0.623421875 0.071640625 0.633640625 0.08525 0.6404375 0.117578125 0.62853125 0.117578125 0.633640625 0.15926562500000002 0.6208750000000001 0.168625 0.608109375 0.17459375 0.62428125 0.173734375 0.649796875 0.21032812500000003 0.625984375 0.22478125000000002 0.608109375 0.29540625 0.589390625 0.25540625 0.49665625 0.260515625 0.47878125000000005 0.283484375 0.46773437500000004 0.28859375 0.45837500000000003 0.28434375 0.44475 0.274984375 0.43200000000000005 0.24690625000000002 0.422640625 0.226484375 0.42434374999999996 0.218828125 0.44135937500000005 0.20946875 0.45496875000000003 0.21032812500000003 0.45496875000000003 0.21371875 0.47112499999999996 0.21032812500000003 0.47964062500000004
49 0.164859375 0.5390937499999999 0.18362499999999998 0.53275 0.180734375 0.526390625 0.17553125 0.524375 0.172078125 0.511671875 0.166015625 0.50071875 0.159671875 0.494359375 0.151296875 0.494359375 0.14465625 0.505625 0.14351562499999998 0.516875 0.14784375 0.531875 0.14351562499999998 0.53446875 0.13860937499999998 0.5416875 0.132546875 0.5416875 0.13428125 0.5641875 0.135140625 0.5639062499999999 0.14754687500000002 0.555828125 0.164859375 0.5390937499999999
49 0.80628125 0.4871875 0.797703125 0.48343749999999996 0.8003750000000001 0.47512499999999996 0.791 0.466828125 0.78590625 0.46548437500000006 0.7818906250000001 0.467359375 0.779484375 0.48021874999999997 0.7818906250000001 0.48531250000000004 0.78725 0.489328125 0.8014531249999999 0.51934375 0.807609375 0.491203125 0.80628125 0.4871875
18 0.41640625 0.5925 0.423296875 0.60053125 0.4600625 0.6189218750000001 0.500265625 0.63040625 0.530125 0.669453125 0.526671875 0.6487812500000001 0.537015625 0.602828125 0.5875625 0.561484375 0.5783750000000001 0.5385156249999999 0.5645781249999999 0.528171875 0.524375 0.522421875 0.43478125 0.525875 0.442828125 0.5798593750000001 0.42675 0.5833125 0.41640625 0.5925
49 1 0.5548437500000001 0.976734375 0.533953125 0.9871874999999999 0.520015625 0.990671875 0.424265625 0.929734375 0.40685937499999997 0.910578125 0.417296875 0.89490625 0.46082812500000003 0.900140625 0.504359375 0.89490625 0.507828125 0.839203125 0.533953125 0.813078125 0.6105625 0.8304843749999999 0.72025 0.8200468750000001 0.814265625 0.8200468750000001 0.82296875 0.999375 0.8264531249999999 1 0.5548437500000001