49 0.36865625 0.22471875 0.40235937499999996 0.213484375 0.41134375 0.22246875 0.41134375 0.24718749999999998 0.359671875 0.27865625 0.334953125 0.41798437499999996 0.352921875 0.406734375 0.36415625 0.440453125 0.391125 0.42696875 0.409109375 0.35729687499999996 0.43382812499999995 0.337078125 0.42034374999999996 0.3505625 0.42034374999999996 0.37078125 0.42259375 0.391015625 0.41809375 0.496625 0.47203125 0.62021875 0.49225 0.764046875 0.51471875 0.9348281249999999 0.532703125 0.9505625 0.573140625 0.9528125 0.555171875 0.8561875000000001 0.550671875 0.72809375 0.5484218750000001 0.60225 0.56640625 0.6853906249999999 0.56865625 0.7438125 0.591125 0.8067343749999999 0.6473125 0.813484375 0.629328125 0.77078125 0.602359375 0.7168593750000001 0.606859375 0.6561874999999999 0.593375 0.53034375 0.5843906249999999 0.458421875 0.579890625 0.289890625 0.5484218750000001 0.23145312499999998 0.507984375 0.22021875 0.47651562500000005 0.213484375 0.47876562500000003 0.19775 0.48775 0.161796875 0.48326562500000003 0.132578125 0.46078125 0.083140625 0.424828125 0.058421875 0.393375 0.06742187499999999 0.37090625 0.087640625 0.355171875 0.1438125 0.36865625 0.22471875
12 0.7170468750000001 0.6477968749999999 0.71934375 0.711328125 0.78634375 0.698625 0.7828906250000001 0.6385468750000001 0.7170468750000001 0.6477968749999999
12 0.34890625000000003 0.8600625000000001 0.36843750000000003 0.8558125000000001 0.35988616093750003 0.832508928125 0.36487408125 0.82684466875 0.4270983453125 0.7746204046875 0.455109375 0.8095156250000001 0.4535520828125 0.8010885421875 0.4625390625 0.8050546875 0.46996874999999994 0.80059375 0.45786328125000003 0.77828125 0.45043749999999994 0.784234375 0.44888020781250004 0.7758072921875 0.45382812499999997 0.7708437499999999 0.43954319843749995 0.7641755515625 0.44576562500000005 0.758953125 0.442359375 0.7516875 0.43433506875 0.7536701390625 0.437603125 0.74438125 0.41857812499999997 0.7151562499999999 0.36822187500000003 0.738146875 0.31067187500000004 0.764421875 0.339984375 0.8477343749999999 0.34550000000000003 0.8502968750000001 0.34890625000000003 0.8600625000000001
12 0.4555625 0.80996875 0.443359375 0.750515625 0.3694375 0.768046875 0.37171875 0.7688125 0.38087499999999996 0.8480624999999999 0.44489062500000004 0.835875 0.42964062500000005 0.825203125 0.4555625 0.80996875
12 0.772609375 0.637734375 0.695640625 0.5898749999999999 0.651671875 0.637078125 0.7118125 0.677828125 0.71634375 0.6474375 0.77003125 0.6422656250000001 0.772609375 0.637734375
12 0.51153125 0.8374375000000001 0.508609375 0.813265625 0.55184375 0.8125312499999999 0.557703125 0.82278125 0.572359375 0.813265625 0.546703125 0.790546875 0.516228125 0.808721875 0.5082421874999999 0.805203125 0.507140625 0.781015625 0.435862215625 0.8176491484374999 0.428734375 0.8213125 0.44778124999999996 0.8491562500000001 0.477828125 0.86528125 0.51153125 0.8374375000000001
12 0.42434374999999996 0.70359375 0.388203125 0.7171406250000001 0.378515625 0.712625 0.336578125 0.733921875 0.332703125 0.740375 0.31074999999999997 0.7519843749999999 0.31462500000000004 0.7648906249999999 0.42046875000000006 0.712625 0.45725 0.7732812499999999 0.42434374999999996 0.70359375
12 0.71553125 0.573515625 0.72571875 0.580453125 0.711375 0.554078125 0.629015625 0.613765625 0.6299375 0.615609375 0.6345625 0.622546875 0.6993437499999999 0.580453125 0.7058125000000001 0.58321875 0.71553125 0.573515625
12 0.665828125 0.65296875 0.63875 0.631046875 0.693171875 0.584875 0.773640625 0.638 0.77646875 0.632328125 0.69859375 0.5805 0.6284375 0.6269218750000001 0.6916249999999999 0.68984375 0.710453125 0.6839062499999999 0.665828125 0.65296875
7 0.502328125 0.94340625 0.5100781249999999 0.8968906249999999 0.51525 0.873640625 0.51163125 0.8653718749999999 0.559171875 0.850375 0.577265625 0.9149843750000001 0.57500390625 0.906908203125 0.58566015625 0.9104609375000001 0.83359375 0.7754375 0.8330781249999999 0.690171875 0.8020625000000001 0.64625 0.789140625 0.666921875 0.781390625 0.705671875 0.727125 0.713421875 0.657359375 0.672078125 0.6211875 0.648828125 0.600515625 0.654 0.6074010421875 0.6850104171875 0.5514218750000001 0.6953437499999999 0.5511625 0.703353125 0.5468621328125 0.70203125 0.50126470625 0.76890625 0.49586718750000003 0.7676953125 0.48940625000000004 0.7444375 0.48165625 0.705671875 0.47906250000000006 0.697921875 0.442890625 0.7185937499999999 0.311109375 0.783203125 0.295609375 0.79353125 0.16640625 0.8529687499999999 0.16640625 1 0.424796875 0.9925 0.502328125 0.94340625
12 0.612625 0.42995312500000005 0.629828125 0.273921875 0.43937499999999996 0.24689062499999997 0.41234374999999995 0.41153125 0.432015625 0.42012499999999997 0.52415625 0.42135937500000004 0.612625 0.42995312500000005
12 0.37112500000000004 0.8602968750000001 0.381953125 0.8534062499999999 0.38490625 0.8573437500000001 0.418375 0.8411093749999999 0.379984375 0.848984375 0.37112500000000004 0.77515625 0.36965625 0.77565625 0.348 0.782546875 0.3440625 0.7855000000000001 0.341109375 0.787953125 0.37112500000000004 0.8602968750000001
12 0.7194375 0.5665625000000001 0.733984375 0.55946875 0.73171875 0.5562343750000001 0.7223437500000001 0.533296875 0.6251249999999999 0.588859375 0.634171875 0.610171875 0.6345 0.611140625 0.712015625 0.55396875 0.7194375 0.5665625000000001