52 0 0.866296875 0.058984375 0.866296875 0.053937500000000006 0.741578125 0.0471875 0.5882031249999999 0.042140625 0.542703125 0.02359375 0.34381249999999997 0.006734374999999999 0.35225 0.0033750000000000004 0.35225 0 0.862921875 0 0.866296875
22 0.6545156249999999 0.72978125 0.68634375 0.7277812499999999 0.6923125 0.8630625000000001 0.71021875 0.85709375 0.712203125 0.6999375 0.658484375 0.668109375 0.5749375 0.68203125 0.563 0.6979375 0.5988125 0.71584375 0.59084375 0.713859375 0.622671875 0.731765625 0.624671875 0.865046875 0.6445624999999999 0.8630625000000001 0.6545156249999999 0.72978125
22 0.7091875 0.7805156249999999 0.719140625 0.784140625 0.7345312500000001 0.79590625 0.7390625 0.8049687499999999 0.7517343750000001 0.8022500000000001 0.753546875 0.788671875 0.79790625 0.7778125 0.800609375 0.7868593749999999 0.813296875 0.7832343749999999 0.8123906249999999 0.667375 0.7426875 0.649265625 0.691984375 0.66465625 0.6838437500000001 0.683671875 0.7128125 0.703578125 0.7091875 0.7805156249999999
22 0.982109375 0.636046875 0.971453125 0.619421875 0.960375 0.614734375 0.9492968749999999 0.61515625 0.94375 0.61728125 0.937359375 0.6155781250000001 0.925421875 0.608765625 0.918171875 0.608328125 0.9079375000000001 0.61175 0.90453125 0.618140625 0.901546875 0.62453125 0.896859375 0.625390625 0.890046875 0.62665625 0.882796875 0.630078125 0.8764062499999999 0.636046875 0.8687343750000001 0.644140625 0.8648906249999999 0.65778125 0.8648906249999999 0.66034375 0.8614843750000001 0.673546875 0.862765625 0.69103125 0.8648906249999999 0.710640625 0.8704375000000001 0.73621875 0.8776875000000001 0.75625 0.989796875 0.716609375 0.9872343750000001 0.67440625 0.982109375 0.636046875
22 1 0.774734375 0.9920937500000001 0.769390625 0.9843437500000001 0.7679375 0.9712343750000001 0.7674531250000001 0.940203125 0.77715625 0.9324375 0.7698750000000001 0.9261250000000001 0.7718125 0.9130312500000001 0.7635625 0.9135156249999999 0.763078125 0.905265625 0.761625 0.8950781250000001 0.76065625 0.885375 0.763078125 0.8737343750000001 0.766484375 0.8567656250000001 0.782484375 0.8504531249999999 0.8047968750000001 0.851421875 0.8329375000000001 0.857734375 0.8746562499999999 1 0.875 1 0.774734375
27 0.42809375000000005 0.6610625 0.756734375 0.6037656250000001 0.911796875 0.5599375 0.67753125 0.5195000000000001 0.22753125000000002 0.576796875 0.241015625 0.59196875 0.367421875 0.652640625 0.42809375000000005 0.6610625
27 1 0.718828125 0.9920937500000001 0.712046875 0.71275 0.8187031250000001 0.72121875 0.866109375 0.75 0.866109375 0.75846875 0.866109375 0.76015625 0.854265625 0.794015625 0.866109375 0.804171875 0.8610312499999999 0.8465 0.866109375 0.83803125 0.7933125000000001 0.946390625 0.76284375 0.995484375 0.776375 1 0.771296875 1 0.718828125
26 0.70303125 0.5572812500000001 0.702234375 0.531578125 0.70153125 0.531265625 0.6913750000000001 0.530875 0.6852968749999999 0.531171875 0.6853906249999999 0.558078125 0.70303125 0.5572812500000001
14 0.6168125 0.561703125 0.626484375 0.5549375000000001 0.630359375 0.54621875 0.629390625 0.541375 0.624546875 0.5321875 0.624546875 0.527828125 0.6168125 0.527828125 0.598890625 0.5312187500000001 0.58534375 0.533640625 0.578078125 0.5350937499999999 0.5713125 0.536546875 0.56840625 0.538 0.561140625 0.541375 0.555828125 0.5471874999999999 0.55534375 0.549609375 0.55534375 0.5563906249999999 0.561625 0.55978125 0.570828125 0.563640625 0.5751875 0.5650937500000001 0.579046875 0.572359375 0.579046875 0.573328125 0.595515625 0.57284375 0.60421875 0.572359375 0.6114843750000001 0.5699375 0.6168125 0.561703125
47 0.242421875 0.6225625 0.23240625 0.59921875 0.23575 0.5836406249999999 0.2401875 0.573640625 0.267984375 0.5602968749999999 0.409203125 0.5491718750000001 0.417 0.5380625 0.40031249999999996 0.518046875 0.35917187500000003 0.49690625 0.322484375 0.5002500000000001 0.16014062499999998 0.5158125 0.19015625 0.539171875 0.19793750000000002 0.568078125 0.20015624999999998 0.714859375 0.25020312499999997 0.707078125 0.25353125 0.680390625 0.24353125000000003 0.6581406249999999 0.242421875 0.6225625
3 0.59590625 0.545828125 0.6010156249999999 0.5461406249999999 0.6070781249999999 0.5455 0.614421875 0.54390625 0.6233593749999999 0.5413593750000001 0.62528125 0.538796875 0.625921875 0.535609375 0.6233593749999999 0.531765625 0.624640625 0.5305 0.625921875 0.527296875 0.624328125 0.524109375 0.62209375 0.523796875 0.6179375 0.52634375 0.615703125 0.528578125 0.609953125 0.530171875 0.604203125 0.532734375 0.5971875 0.534640625 0.5901562499999999 0.534640625 0.5879218749999999 0.5352812499999999 0.583453125 0.538484375 0.581859375 0.540390625 0.5860000000000001 0.54071875 0.5892031249999999 0.542953125 0.59590625 0.545828125
1 0.5453281249999999 0.56828125 0.544453125 0.5553281250000001 0.535328125 0.547671875 0.522359375 0.5461875 0.515296875 0.5626875 0.5211875 0.5738749999999999 0.525015625 0.56475 0.5344375 0.571515625 0.5453281249999999 0.56828125
57 0.458578125 0.557671875 0.45320312500000004 0.55284375 0.41137499999999994 0.55784375 0.45571875000000006 0.5726875 0.4560625 0.566078125 0.4638645828125 0.5690052078125001 0.48015625 0.561640625 0.479671875 0.57090625 0.4996875 0.5676875 0.506734375 0.5682968749999999 0.5056640625 0.5594453125000001 0.51675 0.564546875 0.51675 0.553109375 0.50459375 0.55059375 0.498265625 0.5456875 0.46965312499999995 0.55055625 0.46662499999999996 0.55678125 0.461428125 0.5517000000000001 0.458578125 0.557671875
26 0.4809375 0.554109375 0.454890625 0.5536875 0.45571875000000006 0.585734375 0.47990625 0.5855312500000001 0.48051562499999995 0.556171875 0.4809375 0.554109375
41 0.389421875 0.47003125 0.38571875 0.470296875 0.37884375000000003 0.48140625000000004 0.380421875 0.4840625 0.38228125 0.483796875 0.389421875 0.47003125
22 0.577890625 0.714765625 0.54221875 0.696265625 0.48209375000000004 0.706828125 0.45962500000000006 0.7134375000000001 0.45499999999999996 0.73128125 0.4583125 0.7411875 0.45962500000000006 0.870671875 0.60234375 0.873984375 0.5996875 0.7246718750000001 0.577890625 0.714765625
41 0.40059374999999997 0.473984375 0.399484375 0.473234375 0.393578125 0.47509375 0.39209375 0.47729687500000006 0.389890625 0.483203125 0.393203125 0.4839375 0.40059374999999997 0.47545312500000003 0.40059374999999997 0.473984375
1 0.119953125 0.530875 0.12323437500000001 0.5291406249999999 0.12446874999999999 0.52421875 0.12421875 0.522 0.12167187500000001 0.5193749999999999 0.120359375 0.5178125 0.11682812499999999 0.5172343749999999 0.11403125 0.5182187500000001 0.11181250000000001 0.520609375 0.11034375 0.5238125 0.110671875 0.5266875 0.11403125 0.5295625 0.11453125 0.52996875 0.116015625 0.530625 0.119953125 0.530875
1 0.13321875 0.526984375 0.1349375 0.52621875 0.136078125 0.5252656250000001 0.136828125 0.5233749999999999 0.136828125 0.52053125 0.136265625 0.518625 0.1353125 0.517296875 0.133609375 0.5154062500000001 0.131140625 0.5152187500000001 0.128484375 0.5154062500000001 0.12525 0.5157812500000001 0.12354687499999999 0.517296875 0.12298437499999999 0.5184375 0.12298437499999999 0.519578125 0.123921875 0.52071875 0.124125 0.523 0.12525 0.524890625 0.12506250000000002 0.524890625 0.12771875 0.5267968749999999 0.129046875 0.527359375 0.131328125 0.527359375 0.13321875 0.526984375