9 0.21570312500000002 0.58528125 0.20212500000000003 0.57509375 0.1871875 0.5730625 0.18921875 0.548625 0.20007812500000002 0.541828125 0.205515625 0.5370781250000001 0.18515625 0.543875 0.183109375 0.559484375 0.18175 0.5839218749999999 0.180390625 0.62940625 0.19940625 0.630765625 0.212984375 0.617859375 0.22112500000000002 0.60496875 0.21570312500000002 0.58528125
9 0.8989218749999999 0.60221875 0.90096875 0.60290625 0.9043906249999999 0.60221875 0.90984375 0.598125 0.91053125 0.585828125 0.905375 0.5815625 0.902765625 0.58721875 0.902765625 0.590421875 0.9018593750000001 0.597609375 0.8991093749999999 0.596390625 0.8965 0.590125 0.8965 0.58690625 0.8965 0.58384375 0.889625 0.57971875 0.889625 0.5815625 0.889625 0.582328125 0.8868750000000001 0.587359375 0.88534375 0.5911875 0.884578125 0.597921875 0.883203125 0.603875 0.8842812500000001 0.61228125 0.8862656250000001 0.6138125 0.88825 0.61 0.8891718750000001 0.6083125 0.8908437499999999 0.604953125 0.8913125000000001 0.598375 0.8913125000000001 0.5940937500000001 0.893453125 0.598125 0.897546875 0.600859375 0.8989218749999999 0.60221875
16 0.539515625 0.6480312500000001 0.557546875 0.58640625 0.5665625000000001 0.5969375 0.563546875 0.675078125 0.680765625 0.6645625 0.710828125 0.6645625 0.7183437500000001 0.65403125 0.733375 0.642015625 0.807015625 0.6480312500000001 0.8280468750000001 0.655546875 0.8430781250000001 0.636 0.84909375 0.5999375 0.870125 0.595421875 0.874640625 0.455671875 0.85509375 0.4676875 0.8205312499999999 0.436125 0.758921875 0.41959375000000004 0.746890625 0.40607812499999996 0.58909375 0.357984375 0.31709375 0.321921875 0.2705 0.35948437499999997 0.222421875 0.640515625 0.291546875 0.64953125 0.31559375 0.6735781249999999 0.335125 0.65403125 0.48690625 0.675078125 0.48690625 0.679578125 0.5365 0.6735781249999999 0.539515625 0.6480312500000001
49 0.9077343750000001 0.5453125 0.907140625 0.54796875 0.9074375 0.5509375000000001 0.9130625 0.550640625 0.9210625 0.54975 0.9204687500000001 0.54590625 0.918390625 0.542640625 0.9163125000000001 0.5385 0.9163125000000001 0.534640625 0.9136562500000001 0.5316875 0.910390625 0.5305 0.908328125 0.5331718750000001 0.9074375 0.537609375 0.9035781249999999 0.5408593749999999 0.903875 0.54234375 0.90565625 0.544421875 0.9077343750000001 0.5453125
49 0.8910625 0.5685 0.8919062500000001 0.5611875000000001 0.89471875 0.5611875000000001 0.8930312499999999 0.5690625 0.8921875 0.57215625 0.8969687499999999 0.57525 0.8978125 0.580875 0.8975312499999999 0.5898749999999999 0.89921875 0.59578125 0.9034375000000001 0.5949375 0.90203125 0.5915625 0.9034375000000001 0.5775 0.905125 0.57609375 0.9076562499999999 0.57328125 0.9096249999999999 0.5713125 0.91046875 0.56540625 0.90934375 0.5549999999999999 0.9079375000000001 0.5521874999999999 0.9070937499999999 0.54571875 0.9048437500000001 0.5426249999999999 0.90175 0.5420625 0.896125 0.54375 0.89528125 0.5476875 0.8978125 0.55134375 0.891625 0.5549999999999999 0.88796875 0.560625 0.8843125000000001 0.5656875 0.8831875 0.56821875 0.8888125 0.5699062500000001 0.8910625 0.5685
49 0.947453125 0.54903125 0.947828125 0.54903125 0.947453125 0.54528125 0.947453125 0.54471875 0.9452031249999999 0.536265625 0.9429375 0.5347500000000001 0.9408749999999999 0.5296875 0.9388125 0.5295 0.9365625 0.5309999999999999 0.9365625 0.5313749999999999 0.93675 0.5358906250000001 0.932984375 0.536828125 0.932609375 0.54715625 0.9403124999999999 0.54621875 0.9416249999999999 0.55015625 0.947453125 0.54903125
49 0.87265625 0.55975 0.874859375 0.56325 0.8757343750000001 0.5610625 0.8774843750000001 0.5555 0.87778125 0.549796875 0.8782187499999999 0.5445156250000001 0.87909375 0.54115625 0.8792500000000001 0.538234375 0.878078125 0.53603125 0.875875 0.534125 0.8760312499999999 0.532515625 0.87734375 0.5300312500000001 0.8766093749999999 0.527546875 0.8725156249999999 0.527546875 0.87134375 0.528421875 0.8684218749999999 0.531203125 0.8703125 0.53178125 0.87003125 0.534859375 0.868265625 0.547734375 0.8688593750000001 0.5525781249999999 0.8688593750000001 0.558578125 0.869 0.5610625 0.8698750000000001 0.559453125 0.87265625 0.55975
49 0.732375 0.53565625 0.7306250000000001 0.51903125 0.727125 0.51815625 0.727125 0.52165625 0.727125 0.52690625 0.7245 0.53740625 0.725375 0.55753125 0.727125 0.55928125 0.7315 0.55228125 0.732375 0.53565625
49 0.95803125 0.5372343749999999 0.9555624999999999 0.5328906250000001 0.954015625 0.529796875 0.950609375 0.527953125 0.949984375 0.531046875 0.9493750000000001 0.5344375 0.947828125 0.5378437500000001 0.9490624999999999 0.5415625000000001 0.9490624999999999 0.545890625 0.950609375 0.549609375 0.9571093749999999 0.5505312499999999 0.95896875 0.545890625 0.95803125 0.5372343749999999
49 0.079390625 0.4915625 0.07225000000000001 0.489921875 0.066734375 0.491140625 0.06409375 0.49400000000000005 0.063265625 0.500328125 0.059187500000000004 0.5056406250000001 0.05796875 0.5099218750000001 0.055515625 0.5119687500000001 0.047953125 0.5140156250000001 0.042046875 0.51953125 0.043875 0.524015625 0.0491875 0.52421875 0.059187500000000004 0.5238125 0.070421875 0.5238125 0.08796875 0.525859375 0.080421875 0.5093125 0.080015625 0.497265625 0.079390625 0.4915625
49 0.00965625 0.5274687499999999 0.012796875 0.52946875 0.01621875 0.5291875 0.025890625 0.5274687499999999 0.03471875 0.52634375 0.037843749999999995 0.5240625 0.03671875 0.520359375 0.0324375 0.51665625 0.029875000000000002 0.515234375 0.029875000000000002 0.512671875 0.030734375 0.51209375 0.03215625 0.50896875 0.03215625 0.505265625 0.03159375 0.49957812500000004 0.029312500000000002 0.49559375 0.0273125 0.49415624999999996 0.022765625 0.49359374999999994 0.018203125 0.49359374999999994 0.01221875 0.494734375 0.009375 0.497578125 0.008234374999999999 0.50184375 0.007953125 0.506125 0.007953125 0.510390625 0.0088125 0.518359375 0.00596875 0.5215 0.007671875 0.522921875 0.00965625 0.5274687499999999
49 0 0.540484375 0.0031718749999999998 0.538171875 0.009875 0.527296875 0.00803125 0.521984375 0.00225 0.5178281250000001 0.001546875 0.510890625 0 0.512046875 0 0.5122656250000001 0 0.540484375