75 0.5853906249999999 0.312921875 0.624 0.3166875 0.628703125 0.282796875 0.6381249999999999 0.213125 0.635296875 0.187703125 0.5948125 0.1839375 0.47240624999999997 0.17828125 0.43475 0.17640625000000001 0.44040625 0.29409375 0.446984375 0.29975 0.48371875 0.304453125 0.47995312500000004 0.317640625 0.479 0.319515625 0.5816250000000001 0.3308125 0.5853906249999999 0.312921875
24 0.9983906250000001 0.70515625 0.8887031249999999 0.627734375 0.8532187499999999 0.6696718749999999 0.8354843750000001 0.6696718749999999 0.6306406250000001 0.86484375 0.63709375 0.86484375 1 0.8664531249999999 0.9983906250000001 0.70515625
24 0.226484375 0.704640625 0.208921875 0.69621875 0.183078125 0.663359375 0.1703125 0.639953125 0.161796875 0.626125 0.14903125 0.6133437500000001 0.0043124999999999995 0.6676249999999999 0.0018124999999999999 0.875 0.305109375 0.875 0.29948437499999997 0.8626093750000001 0.226484375 0.704640625
49 0.385890625 0.8053750000000001 0.37621875 0.7894062500000001 0.361703125 0.7311875 0.33653125 0.682296875 0.32878124999999997 0.67134375 0.30409375 0.645859375 0.271671875 0.586984375 0.26828124999999997 0.580859375 0.26925 0.5539375 0.31378125 0.575234375 0.32878124999999997 0.565234375 0.3375 0.5366875 0.3428125 0.47667187499999997 0.35540625000000003 0.42328124999999994 0.3428125 0.40409375000000003 0.33604687499999997 0.4011875 0.325390625 0.423453125 0.3205625 0.41135937499999997 0.3166875 0.42248437499999997 0.3205625 0.46410937499999994 0.315234375 0.4921875 0.30603125000000003 0.5221875 0.27796875 0.49412500000000004 0.28134375 0.44959375 0.287640625 0.426359375 0.29490625000000004 0.40796875000000005 0.276515625 0.391515625 0.271671875 0.397328125 0.27409374999999997 0.40409375000000003 0.26440625 0.40942187499999994 0.25909375 0.4050625 0.25764062499999996 0.428296875 0.260546875 0.43556249999999996 0.25425 0.427328125 0.23634375 0.3728125 0.21795312500000003 0.35684375 0.204875 0.34957812499999996 0.18890625 0.342796875 0.1651875 0.34715625 0.14921875 0.362640625 0.13809375 0.385390625 0.13082812500000002 0.4105625 0.142921875 0.436703125 0.143890625 0.45475000000000004 0.14146875 0.466359375 0.12356249999999999 0.48039062499999996 0.122109375 0.50653125 0.137125 0.5594375 0.157453125 0.6005625 0.17584375000000002 0.62490625 0.176328125 0.6468281250000001 0.181640625 0.6603749999999999 0.18551562500000002 0.671515625 0.196171875 0.68796875 0.21553125 0.7000625 0.237796875 0.7145937499999999 0.2711875 0.71846875 0.2861875 0.72571875 0.305546875 0.7441093750000001 0.32878124999999997 0.78878125 0.3394375 0.81975 0.34765625 0.84928125 0.363625 0.860890625 0.36846875 0.8599218750000001 0.36701562499999996 0.8610312499999999 0.42509375 0.8257031250000001 0.42800000000000005 0.791828125 0.395578125 0.809734375 0.385890625 0.8053750000000001
49 0.622609375 0.7841875 0.658 0.769015625 0.6832812500000001 0.71003125 0.7658750000000001 0.698234375 0.769234375 0.715078125 0.797890625 0.698234375 0.8130625 0.674640625 0.821484375 0.672953125 0.8922812499999999 0.541484375 0.9563124999999999 0.4841875 0.947890625 0.467328125 0.946203125 0.45384375 0.93946875 0.43025 0.929359375 0.418453125 0.9141875 0.413390625 0.8872187500000001 0.40328125000000004 0.88553125 0.40328125000000004 0.8686875000000001 0.394859375 0.826546875 0.413390625 0.808 0.40834374999999995 0.8029531249999999 0.40159374999999997 0.730484375 0.349359375 0.743953125 0.44204687500000006 0.750703125 0.45215625 0.7675625 0.4774375 0.7591249999999999 0.47239062499999995 0.725421875 0.4841875 0.7203593749999999 0.620703125 0.64284375 0.688109375 0.625984375 0.75046875 0.5956406249999999 0.738671875 0.578796875 0.7673281249999999 0.5956406249999999 0.77575 0.622609375 0.7841875
53 0.335109375 0.40578125 0.335109375 0.386484375 0.3295 0.38087499999999996 0.32203125 0.383984375 0.3126875 0.39270312500000004 0.308953125 0.40390625 0.3158125 0.42570312499999996 0.325140625 0.42507812500000003 0.33573437500000003 0.416984375 0.335109375 0.40578125
22 0.00010937500000000002 0.71678125 0.00040625000000000004 0.776140625 0.00040625000000000004 0.875 0.013593749999999998 0.8744687499999999 0.14459375000000002 0.875 0.30289062499999997 0.874765625 0.30289062499999997 0.8696718750000001 0.28190624999999997 0.834296875 0.2708125 0.828890625 0.27321875 0.814203125 0.270515625 0.807015625 0.257015625 0.769234375 0.253125 0.76025 0.232625 0.709578125 0.21675 0.696890625 0.21145312500000002 0.6966249999999999 0.199015625 0.688421875 0.1908125 0.683390625 0.18446875000000001 0.671484375 0.18076562499999999 0.65878125 0.175203125 0.645546875 0.17203125 0.6426406250000001 0.15509375 0.6135312500000001 0.149265625 0.6119375 0.1003125 0.629140625 0.10220312499999999 0.629421875 0.00010937500000000002 0.668203125 0.00010937500000000002 0.71678125
22 0 0.5922031249999999 0.009625 0.5992031250000001 0.004625 0.5891875 0.016640625 0.61221875 0.12979687499999998 0.541125 0.124796875 0.5060781249999999 0.12178125 0.48404687500000004 0.122796875 0.47903124999999996 0.109765625 0.457 0.000625 0.5070781249999999 0 0.572171875 0 0.5922031249999999
53 0.569065625 0.5311312499999999 0.5714114578125 0.5312135421875 0.567021875 0.5231375 0.5717135421874999 0.5233020828125 0.5720156249999999 0.515390625 0.564978125 0.51514375 0.562934375 0.50715 0.5720156249999999 0.50215625 0.5717187499999999 0.49765625 0.56840625 0.49343750000000003 0.5608906250000001 0.49223437499999995 0.5608906250000001 0.537625 0.571109375 0.5391250000000001 0.569065625 0.5311312499999999
53 0.703796875 0.3523125 0.707140625 0.35009375 0.710484375 0.34675 0.709921875 0.34453125 0.707703125 0.33840625 0.7026875 0.3350625 0.695453125 0.327265625 0.6915625000000001 0.3239375 0.68821875 0.3228125 0.687109375 0.323375 0.681546875 0.3289375 0.677640625 0.3345 0.67596875 0.336734375 0.679875 0.34396875 0.6876562500000001 0.34896875 0.694890625 0.35621875 0.697125 0.357328125 0.69990625 0.352875 0.703796875 0.3523125
53 0.745953125 0.47973437499999994 0.744625 0.48765625 0.746609375 0.50615625 0.7618125 0.4883125 0.7525625 0.47707812499999996 0.745953125 0.47973437499999994
53 0.48784375 0.39187500000000003 0.48490625 0.38771875 0.481 0.386984375 0.478328125 0.3865 0.47196875 0.3865 0.46684374999999995 0.3865 0.459765625 0.3865 0.45146875 0.3865 0.443890625 0.38601562500000003 0.43828125 0.3865 0.434375 0.38796875000000003 0.43267187500000004 0.389421875 0.432171875 0.391140625 0.432171875 0.39284375 0.434125 0.39773437500000003 0.439015625 0.39796875 0.462203125 0.400421875 0.471 0.40065625000000005 0.48150000000000004 0.401875 0.4841875 0.40114062500000003 0.48515625 0.39796875 0.48784375 0.39187500000000003
53 0.574234375 0.44046874999999996 0.5747656250000001 0.44362500000000005 0.575546875 0.44440625 0.577140625 0.44546875 0.57503125 0.445984375 0.573453125 0.44651562499999997 0.56896875 0.448625 0.565546875 0.45046875000000003 0.563703125 0.4523125 0.566609375 0.45678124999999997 0.572125 0.45678124999999997 0.579234375 0.45415625000000004 0.584765625 0.453625 0.59134375 0.45415625000000004 0.593453125 0.453625 0.596875 0.44967187500000005 0.598984375 0.448359375 0.601359375 0.447046875 0.60240625 0.44573437499999996 0.6018749999999999 0.443890625 0.60003125 0.43782812499999996 0.5958281249999999 0.431515625 0.5905625 0.42703125000000003 0.587140625 0.42625 0.5845 0.42756249999999996 0.58240625 0.42756249999999996 0.574234375 0.42809375000000005 0.571078125 0.428609375 0.567390625 0.43020312499999996 0.566859375 0.431515625 0.5681875 0.433875 0.572125 0.43520312499999997 0.5747656250000001 0.43678125 0.5745 0.43678125 0.5745 0.4375625 0.574234375 0.44046874999999996
53 0.4291875 0.46021875 0.416875 0.462265625 0.4194375 0.46585937499999996 0.423796875 0.46765625 0.422265625 0.47739062499999996 0.41381249999999997 0.48584375 0.414828125 0.48790625 0.41867187499999997 0.48790625 0.436109375 0.483796875 0.444046875 0.47765625 0.439171875 0.463546875 0.4291875 0.46021875