11 0.563453125 0.564921875 0.5604375 0.5679375 0.5624374999999999 0.574640625 0.567125 0.577640625 0.5734843749999999 0.574296875 0.581859375 0.573625 0.5845312500000001 0.566265625 0.583203125 0.564921875 0.581859375 0.56659375 0.579171875 0.561578125 0.56946875 0.561578125 0.566125 0.562578125 0.563453125 0.564921875
11 0.721640625 0.6190156250000001 0.719078125 0.605671875 0.71653125 0.61390625 0.70034375 0.616171875 0.6793125 0.611625 0.6781875 0.611625 0.67334375 0.627828125 0.68271875 0.628671875 0.715109375 0.625828125 0.721640625 0.6190156250000001
11 0.5588437500000001 0.6320625 0.56009375 0.632421875 0.56459375 0.632421875 0.569078125 0.6335 0.5721406250000001 0.63546875 0.575015625 0.63853125 0.57753125 0.639421875 0.583109375 0.6387031249999999 0.5856250000000001 0.637625 0.587421875 0.63565625 0.5881406250000001 0.6327812500000001 0.5881406250000001 0.629 0.58796875 0.6245 0.586171875 0.62253125 0.5863437499999999 0.6191093750000001 0.58796875 0.610484375 0.5800468750000001 0.6086875 0.5698125 0.6086875 0.565484375 0.609578125 0.5640468750000001 0.614078125 0.5624374999999999 0.6173124999999999 0.5624374999999999 0.620015625 0.559921875 0.622171875 0.55525 0.625578125 0.557765625 0.627921875 0.5588437500000001 0.63025 0.5588437500000001 0.6320625
11 0.556265625 0.625703125 0.561 0.623125 0.561875 0.6179375 0.5605781249999999 0.6149218750000001 0.557125 0.614484375 0.553234375 0.612765625 0.5463281249999999 0.6131875 0.540296875 0.614484375 0.53596875 0.617078125 0.53596875 0.6179375 0.53596875 0.62225 0.53640625 0.62528125 0.539859375 0.6265625 0.5463281249999999 0.627 0.552375 0.627 0.5545312499999999 0.626140625 0.556265625 0.625703125
11 0.449625 0.597890625 0.44810937500000003 0.59903125 0.446796875 0.599796875 0.447734375 0.6090625000000001 0.46778125 0.6090625000000001 0.4715625 0.596953125 0.449625 0.597890625
11 0.33109375 0.54871875 0.335390625 0.54225 0.33023437499999997 0.536234375 0.318171875 0.5375156249999999 0.314734375 0.54484375 0.30353125 0.549578125 0.30396875 0.555171875 0.30396875 0.5547500000000001 0.309984375 0.5581875000000001 0.335390625 0.557328125 0.3366875 0.55259375 0.33109375 0.54871875
11 0.36846875 0.56834375 0.370203125 0.5665 0.3665 0.559078125 0.36959375 0.55746875 0.36946875 0.555125 0.35784375 0.555375 0.35796875 0.5564843749999999 0.34003125 0.5562343750000001 0.3383125 0.55746875 0.339046875 0.559203125 0.33990624999999997 0.559703125 0.342390625 0.569953125 0.34065625 0.5721875 0.342875 0.57540625 0.36353125 0.57515625 0.366625 0.573796875 0.367859375 0.5721875 0.36846875 0.56834375
11 0.49589062500000003 0.524 0.47996875 0.522296875 0.462359375 0.5251406249999999 0.464359375 0.53025 0.46378125 0.53025 0.47231249999999997 0.534796875 0.51690625 0.533375 0.5109375 0.5271250000000001 0.49589062500000003 0.524
11 0.718046875 0.561328125 0.7187942703125 0.5650703125 0.7228343749999999 0.5679125 0.718046875 0.573296875 0.7277734375 0.5725546875 0.727621875 0.574496875 0.732409375 0.58108125 0.7375 0.585265625 0.737196875 0.587665625 0.741984375 0.59425 0.765921875 0.600234375 0.765921875 0.585265625 0.7469739578125 0.585265625 0.7375 0.5718125 0.736 0.55984375 0.7639270828125 0.539390625 0.7798854171875 0.538390625 0.7868593749999999 0.540390625 0.7868593749999999 0.546375 0.8197656249999999 0.547875 0.8197656249999999 0.538890625 0.8117916671875 0.538390625 0.8088484375 0.5309640625000001 0.845496875 0.515253125 0.855671875 0.516453125 0.855671875 0.51046875 0.86015625 0.50896875 0.8653984375 0.516453125 0.875125 0.516453125 0.875125 0.51046875 0.8691354171875 0.5019947921875 0.8758671874999999 0.4977578125 0.90803125 0.5 0.9125156249999999 0.48803124999999997 0.8960625 0.485046875 0.891578125 0.482046875 0.8930703125000001 0.49027343749999996 0.8893307296874999 0.48928385468749996 0.8528265625 0.5121109374999999 0.7559479171875 0.539890625 0.7330078125 0.5411406249999999 0.739 0.526921875 0.7225312500000001 0.5239375 0.7210364578124999 0.540390625 0.72403125 0.541890625 0.7202890625 0.5486171875 0.718046875 0.561328125
11 0.43912500000000004 0.49507812500000004 0.435703125 0.49331250000000004 0.435703125 0.488578125 0.43937499999999996 0.48845312500000004 0.43937499999999996 0.486203125 0.430375 0.486796875 0.430734375 0.48501562500000006 0.427765625 0.48490625 0.4269375 0.48324999999999996 0.42540625 0.48324999999999996 0.4248125 0.485734375 0.42067187500000003 0.48596874999999995 0.419125 0.49106249999999996 0.40670312500000005 0.492125 0.405171875 0.49046874999999995 0.40160937499999994 0.490234375 0.400546875 0.49235937500000004 0.399125 0.49046874999999995 0.39534375 0.48987499999999995 0.39451562500000004 0.49153125 0.39073437499999997 0.49140625 0.39073437499999997 0.492 0.39521875 0.50028125 0.396296875 0.502765625 0.40090624999999996 0.502890625 0.41321874999999997 0.5038437499999999 0.43060937499999996 0.5038437499999999 0.443390625 0.5033593749999999 0.448125 0.5021875 0.44646875 0.49887499999999996 0.44421875 0.498625 0.44409375000000006 0.493421875 0.44173437499999996 0.493546875 0.4415 0.49484374999999997 0.43912500000000004 0.49507812500000004
11 0.682984375 0.46640625 0.67471875 0.47153124999999996 0.671578125 0.475515625 0.673140625 0.479390625 0.702453125 0.479703125 0.706640625 0.47740625000000003 0.707265625 0.47571874999999997 0.70403125 0.46703124999999995 0.682984375 0.46640625
11 0.58621875 0.509671875 0.5878125 0.510734375 0.5939375 0.510203125 0.592984375 0.5078750000000001 0.59203125 0.506828125 0.590765625 0.506828125 0.59003125 0.505140625 0.587390625 0.5048125 0.585484375 0.5054531250000001 0.584640625 0.5048125 0.586015625 0.503859375 0.586109375 0.492984375 0.5855937499999999 0.490453125 0.58390625 0.490453125 0.58421875 0.49468750000000006 0.5820000000000001 0.495421875 0.58253125 0.500703125 0.581890625 0.5015468750000001 0.57871875 0.500171875 0.576609375 0.49985937500000005 0.5755625 0.49837499999999996 0.5745 0.49837499999999996 0.573765625 0.471984375 0.5741875000000001 0.46839062499999995 0.57503125 0.468171875 0.5755625 0.45106250000000003 0.575453125 0.430375 0.5755625 0.42678125 0.573453125 0.42678125 0.5723906249999999 0.44928125 0.5723906249999999 0.458359375 0.571015625 0.458890625 0.571125 0.46996874999999994 0.571328125 0.4875 0.56953125 0.4875 0.566578125 0.49278125 0.566046875 0.4994375 0.5653125 0.50175 0.563421875 0.50175 0.5633125 0.5028125 0.5639375 0.503765625 0.56384375 0.506609375 0.563625 0.509671875 0.562671875 0.50946875 0.561828125 0.510625 0.56309375 0.511578125 0.5661562499999999 0.5117812500000001 0.5666875 0.51084375 0.5850625 0.5093593750000001 0.58621875 0.509671875
11 0.5133281249999999 0.580546875 0.518921875 0.577890625 0.521046875 0.5715 0.515984375 0.570703125 0.515453125 0.5643281250000001 0.512796875 0.56459375 0.5133281249999999 0.570703125 0.497640625 0.56884375 0.495234375 0.54225 0.493640625 0.569109375 0.48646874999999995 0.570703125 0.483 0.573625 0.485140625 0.578421875 0.487796875 0.5818749999999999 0.496578125 0.582140625 0.5133281249999999 0.580546875
11 0.2234375 0.46484375 0.2203125 0.46953125 0.2171875 0.46953125 0.21875 0.47265625 0.215625 0.47734375 0.215625 0.49140625 0.2234375 0.50234375 0.228125 0.50234375 0.22749999999999998 0.50578125 0.2453125 0.52734375 0.240625 0.53203125 0.24375 0.5372395828125 0.240625 0.54140625 0.2453125 0.54609375 0.25 0.54609375 0.25108173125 0.54969951875 0.2453125 0.55546875 0.24375 0.55390625 0.234375 0.55390625 0.2296875 0.55859375 0.2296875 0.56796875 0.234375 0.57265625 0.24375 0.57265625 0.2484375 0.56640625 0.2484375 0.56015625 0.258203125 0.546875 0.2828125 0.54921875 0.2890625 0.53984375 0.29375 0.53984375 0.2984375 0.53359375 0.315625 0.53359375 0.31875 0.53046875 0.3203125 0.52109375 0.315625 0.51484375 0.29375 0.51484375 0.290625 0.51328125 0.290625 0.50703125 0.2972355765625 0.5035456734375 0.296875 0.50078125 0.3030048078125 0.49777644218750006 0.3087740390625 0.4920072109375 0.3109375 0.48515625 0.31454326875 0.48623798125000006 0.31742788437499997 0.48996394218750006 0.3953125 0.54765625 0.390625 0.55234375 0.390625 0.56171875 0.3984375 0.56953125 0.40625 0.57265625 0.4203125 0.57265625 0.43125 0.58203125 0.43125 0.59609375 0.4375 0.60234375 0.446875 0.60234375 0.4484375 0.59921875 0.45625 0.59765625 0.4703125 0.59765625 0.471875 0.60234375 0.4765625 0.59921875 0.4765625 0.58671875 0.4734375 0.58359375 0.4609375 0.58046875 0.46015625 0.56484375 0.4734375 0.5551793984375 0.60625 0.56796875 0.6046875 0.59609375 0.60625 0.60703125 0.6109375 0.61171875 0.6453125 0.61015625 0.65 0.60546875 0.65625 0.61484375 0.6630208328125 0.6080729171875 0.6671875 0.62265625 0.675 0.62265625 0.678125 0.61328125 0.69375 0.61484375 0.696875 0.59921875 0.6953125 0.58984375 0.6921875 0.58671875 0.6828125 0.58671875 0.6765625 0.59453125 0.675 0.58828125 0.6765625 0.58046875 0.6703125 0.57421875 0.6672991078125 0.5691964281249999 0.7372767859375 0.5139508921875 0.746875 0.51796875 0.7518229171875 0.5158854171875 0.753125 0.52453125 0.759375 0.52265625 0.759375 0.5310937499999999 0.7671875 0.52890625 0.771875 0.53515625 0.7671875 0.5372395828125 0.77265625 0.5440104171875 0.7765625 0.54140625 0.78125 0.54765625 0.778125 0.55078125 0.7765625 0.56171875 0.78125 0.56640625 0.803125 0.56640625 0.8125 0.56171875 0.8140625 0.55234375 0.8109375 0.54765625 0.8142857140625 0.513727678125 0.846428571875 0.5186383921875 0.8578125 0.52578125 0.8603125 0.53328125 0.8578125 0.53515625 0.8625 0.53984375 0.8625 0.5440104171875 0.8671875 0.5528645828125 0.875 0.55078125 0.875 0.56171875 0.871875 0.56171875 0.8671875 0.56640625 0.8671875 0.57578125 0.871875 0.58046875 0.884375 0.58046875 0.8890625 0.57421875 0.8890625 0.56796875 0.884375 0.56171875 0.875 0.53984375 0.878125 0.53671875 0.8796875 0.52734375 0.9015625 0.50859375 0.9125 0.51796875 0.915625 0.51796875 0.915625 0.52109375 0.9109375 0.52578125 0.9109375 0.53671875 0.915625 0.54140625 0.934375 0.54453125 0.9399147734375 0.5323153406250001 0.959090909375 0.5480823859374999 0.9625 0.54453125 0.9671875 0.54609375 0.9654829546875 0.55333806875 0.971875 0.55859375 0.971875 0.56796875 0.9796875 0.57734375 0.9890625 0.57734375 0.9921875 0.57421875 0.99375 0.56484375 0.9859375 0.55390625 0.9796875 0.55390625 0.9796875 0.54921875 0.9859375 0.53984375 0.984375 0.53046875 0.9796875 0.52578125 0.9625 0.52734375 0.956640625 0.521484375 0.95625 0.51484375 0.959375 0.51484375 0.9640625 0.50859375 0.9625 0.49921875 0.95625 0.49296875 0.9484375 0.49140625 0.95 0.48203125 0.9453125 0.47578125 0.93125 0.47578125 0.9243750000000001 0.4803125 0.921875 0.48515625 0.9175000000000001 0.48484375 0.9106249999999999 0.489375 0.9109375 0.49453125 0.9078125 0.50078125 0.9037499999999999 0.49390625000000005 0.9015625 0.50078125 0.896875 0.4984375 0.87625 0.5120312499999999 0.875 0.52109375 0.869375 0.5165625 0.8625 0.52109375 0.8544642859374999 0.519866071875 0.803125 0.50078125 0.803125 0.49609375 0.7984375 0.48984375 0.784375 0.48828125 0.7734375 0.49609375 0.76875 0.49609375 0.765625 0.49921875 0.766071428125 0.5063616078125001 0.7580357140625 0.505133928125 0.7546875 0.49921875 0.746875 0.50859375 0.7436383921874999 0.5089285718750001 0.653125 0.5733258921875 0.6453125 0.5724330359375001 0.6453125 0.58359375 0.6421875 0.58359375 0.6375 0.57890625 0.6375 0.571540178125 0.621875 0.5697544640625 0.6203125 0.56328125 0.465625 0.5544270828125 0.459765625 0.55703125 0.4578125 0.55367476875 0.459375 0.54921875 0.45625 0.54453125 0.4578125 0.53359375 0.453125 0.52734375 0.446875 0.52734375 0.440625 0.52109375 0.4296875 0.52109375 0.4140625 0.53203125 0.3515625 0.47578125 0.3578125 0.45390625 0.3578125 0.43515625 0.3515625 0.42265625 0.340625 0.41171875 0.3265625 0.41171875 0.321875 0.41640625 0.3140625 0.43515625 0.3109375 0.45234375 0.3125 0.46953125 0.30694444375 0.47473958281249995 0.2994791671875 0.47109375 0.29795673125 0.47554086562500003 0.291466346875 0.4707331734375 0.29201388906250003 0.4674479171875 0.2849759609375 0.46592548125000005 0.2845486109375 0.46380208281249996 0.2784855765625 0.4611177890625 0.2719951921875 0.45631009687499996 0.26961805625 0.4565104171875 0.2655048078125 0.451502403125 0.26215277812500004 0.45286458281249997 0.2578125 0.44140625 0.2525240390625 0.44188701874999997 0.24603365312499997 0.43707932656250004 0.2578125 0.42734375 0.2484375 0.41484375 0.2390625 0.41484375 0.2265625 0.42265625 0.221875 0.44609375 0.225 0.45234375 0.2203125 0.45390625 0.21875 0.46171875 0.2234375 0.46484375