73 0.376765625 0.659734375 0.41831250000000003 0.66259375 0.46271874999999996 0.656875 0.507140625 0.648265625 0.515734375 0.619625 0.5830625 0.506453125 0.746375 0.248578125 0.73634375 0.248578125 0.68190625 0.2915625 0.366734375 0.46346875 0.358140625 0.45487500000000003 0.352421875 0.64540625 0.376765625 0.659734375
73 0.730015625 0.248234375 0.696765625 0.243890625 0.001453125 0.524328125 0 0.8105625 0.036140624999999996 0.8076718749999999 0.04915625 0.809109375 0.338265625 0.5778125000000001 0.359953125 0.450609375 0.48571875000000003 0.382671875 0.730015625 0.248234375
73 0.9186249999999999 0.479296875 0.953328125 0.47690625000000003 0.9874218750000001 0.47093749999999995 0.9898125 0.38359375 0.8462500000000001 0.28609375 0.837875 0.287296875 0.8265156250000001 0.292671875 0.822328125 0.30643750000000003 0.819328125 0.329171875 0.9090624999999999 0.466140625 0.9186249999999999 0.479296875
73 0.8371718749999999 0.284890625 0.8414375 0.280609375 0.881375 0.30485937500000004 0.902765625 0.32196875 0.9213125 0.33765625 0.9355781249999999 0.336234375 0.94128125 0.309125 0.93271875 0.2934375 0.90990625 0.27918750000000003 0.9041874999999999 0.292015625 0.8414375 0.26634375 0.8414375 0.26492187500000003 0.8343125 0.283453125 0.8371718749999999 0.284890625
73 0.806265625 0.260734375 0.869890625 0.26360937500000003 0.8711249999999999 0.24842187500000001 0.7791718750000001 0.24678125 0.778765625 0.253359375 0.8050312500000001 0.255 0.806265625 0.260734375
73 0.79278125 0.2705 0.805265625 0.271 0.805015625 0.255515625 0.777796875 0.25228125 0.7623125 0.25128125 0.7598125 0.25228125 0.7615624999999999 0.266265625 0.79278125 0.2705
8 0.246484375 0.34065625 0.24728124999999998 0.336953125 0.2546875 0.33815625 0.257578125 0.33625 0.257375 0.33425 0.25178124999999996 0.33425 0.250875 0.33084375 0.24737499999999998 0.32875 0.24107812499999998 0.328953125 0.23957812500000003 0.329453125 0.24357812499999998 0.33654687499999997 0.24578125 0.33665625 0.246484375 0.34065625
8 0.22771875000000003 0.34284375 0.23653125 0.34173437500000003 0.2363125 0.33865625 0.23234375 0.337328125 0.22925 0.33203125 0.222203125 0.332921875 0.218890625 0.334234375 0.22154687499999998 0.34040625 0.22771875000000003 0.341078125 0.22771875000000003 0.34284375
8 0.20779687500000002 0.338890625 0.20495312499999999 0.335109375 0.201171875 0.335109375 0.193609375 0.3379375 0.19834374999999999 0.350234375 0.21346875 0.34834375 0.21346875 0.3445625 0.20779687500000002 0.338890625
8 0.17528125 0.355921875 0.176484375 0.35334374999999996 0.18059375 0.352421875 0.181046875 0.353953125 0.183171875 0.35409375 0.18378125 0.352125 0.18560937500000002 0.350453125 0.18560937500000002 0.34771874999999997 0.18075000000000002 0.3468125 0.179984375 0.344828125 0.177546875 0.34376562499999996 0.176953125 0.341328125 0.1684375 0.341328125 0.16889062500000002 0.348171875 0.17193750000000002 0.35135937500000003 0.172234375 0.355765625 0.17528125 0.355921875
8 0.13196875 0.358140625 0.13146875 0.35567187499999997 0.126359375 0.35403125 0.12454687499999999 0.347265625 0.111359375 0.3505625 0.117140625 0.359796875 0.12175 0.359953125 0.12553125 0.36078125 0.13196875 0.358140625
8 0.04971875 0.376859375 0.042671875 0.375578125 0.039781250000000004 0.367875 0.026640625 0.372046875 0.026640625 0.379734375 0.036890624999999996 0.3851875 0.04971875 0.380375 0.04971875 0.376859375
73 0.7468281250000001 0.274828125 0.74815625 0.2736875 0.74796875 0.27140624999999996 0.755203125 0.271984375 0.755203125 0.274265625 0.75671875 0.274265625 0.759015625 0.2736875 0.759765625 0.27140624999999996 0.759203125 0.269125 0.76071875 0.26759374999999996 0.76071875 0.265125 0.759578125 0.25559375 0.758625 0.252359375 0.757671875 0.250640625 0.75271875 0.25007812500000004 0.747015625 0.25084375 0.74415625 0.25484375 0.74396875 0.268546875 0.745296875 0.26949999999999996 0.74453125 0.272546875 0.74415625 0.27331249999999996 0.74434375 0.273125 0.74434375 0.274265625 0.7468281250000001 0.274828125
49 0.39203125 0.493765625 0.3890625 0.489734375 0.383265625 0.49446874999999996 0.379765625 0.49884375 0.377671875 0.504984375 0.375390625 0.508484375 0.374515625 0.511640625 0.399390625 0.513390625 0.399921875 0.5072656249999999 0.3978125 0.50165625 0.39203125 0.493765625