18 0.902171875 0.518203125 0.9004843749999999 0.515828125 0.890453125 0.5129374999999999 0.8887499999999999 0.512765625 0.883140625 0.511921875 0.8795624999999999 0.512765625 0.880921875 0.5214375 0.89571875 0.5227968749999999 0.901328125 0.5227968749999999 0.902171875 0.518203125
16 0.12134375 0.49242187499999995 0.12134375 0.6255625 0.12471874999999999 0.64746875 0.12134375 0.662640625 0.12303125 0.6795 0.32528125 0.7165781250000001 0.387640625 0.725 0.488765625 0.6896093750000001 0.507296875 0.6795 0.534265625 0.686234375 0.57471875 0.664328125 0.57978125 0.657578125 0.640453125 0.64409375 0.6286562499999999 0.43342187499999996 0.62021875 0.408140625 0.6151718749999999 0.43342187499999996 0.5949375 0.431734375 0.581453125 0.40309375000000003 0.52753125 0.40309375000000003 0.49214062500000005 0.3778125 0.52584375 0.369375 0.534265625 0.367703125 0.46854687500000003 0.35084375 0.32 0.356546875 0.143265625 0.3811875 0.12134375 0.49242187499999995
49 0.9689375 0.529828125 0.969640625 0.5241875 0.9684062499999999 0.5203125 0.9684062499999999 0.51765625 0.969109375 0.511671875 0.967 0.5097343750000001 0.96540625 0.50709375 0.96346875 0.50709375 0.9620625 0.5090312499999999 0.9625937499999999 0.5118437499999999 0.96171875 0.5143125000000001 0.961 0.519421875 0.9641718750000001 0.5211875 0.963125 0.52453125 0.964890625 0.5280625 0.964890625 0.530875 0.965234375 0.533 0.9684062499999999 0.532640625 0.9689375 0.529828125
49 0.93909375 0.5160625 0.93965625 0.5170312499999999 0.9397968750000001 0.51759375 0.94034375 0.518703125 0.94034375 0.51925 0.9404843749999999 0.519953125 0.940625 0.52078125 0.94034375 0.5247499999999999 0.9424374999999999 0.5247499999999999 0.9428593749999999 0.5247499999999999 0.9436875 0.52078125 0.944109375 0.51925 0.944515625 0.51771875 0.944515625 0.5171718750000001 0.944515625 0.516890625 0.9446562500000001 0.51634375 0.9446562500000001 0.515640625 0.94425 0.5148125 0.94396875 0.514390625 0.944109375 0.514109375 0.94396875 0.513140625 0.9438281249999999 0.51271875 0.943546875 0.5120312499999999 0.94340625 0.5120312499999999 0.9432656250000001 0.511890625 0.943125 0.511609375 0.94271875 0.510921875 0.942015625 0.5097968749999999 0.941609375 0.5097968749999999 0.94146875 0.5099375 0.940765625 0.5105000000000001 0.940625 0.510640625 0.94034375 0.5105000000000001 0.94034375 0.5114687499999999 0.9392343750000001 0.51328125 0.93909375 0.5138281250000001 0.93909375 0.5160625
18 0.860359375 0.533125 0.872796875 0.5288906250000001 0.8705624999999999 0.5241718750000001 0.8708125000000001 0.51396875 0.86184375 0.51321875 0.853890625 0.51246875 0.8516562499999999 0.5199374999999999 0.84940625 0.528140625 0.860359375 0.533125
8 0.9037656249999999 0.586421875 0.9 0.577953125 0.7230000000000001 0.621265625 0.70134375 0.621265625 0.71546875 0.629734375 0.7220625 0.704109375 0.8971875 0.64196875 0.8934218749999999 0.5977187500000001 0.9037656249999999 0.586421875
49 0.24729687500000003 0.5018906249999999 0.24903124999999998 0.5105625 0.24070312500000002 0.5150781249999999 0.23271875 0.524109375 0.23064062500000002 0.53625 0.23757812500000003 0.54215625 0.26603125 0.5428437500000001 0.2795625 0.538671875 0.27296875 0.514046875 0.26984375 0.5136875 0.2719375 0.510921875 0.2719375 0.49321875000000004 0.261171875 0.485234375 0.25006249999999997 0.48870312499999996 0.24729687500000003 0.5018906249999999
49 0.376515625 0.487515625 0.381765625 0.5195937500000001 0.38440625 0.68528125 0.38965625 0.687390625 0.391765625 0.680015625 0.38860937500000003 0.65740625 0.388078125 0.6226875 0.39649999999999996 0.57325 0.40334375 0.558515625 0.40859375 0.538 0.394921875 0.4911875 0.385453125 0.48382812499999994 0.37756249999999997 0.48014062500000004 0.376515625 0.487515625
49 0.570578125 0.519828125 0.5703125 0.52009375 0.56709375 0.52290625 0.566421875 0.523453125 0.5666875 0.5355000000000001 0.568171875 0.53778125 0.5719218749999999 0.539515625 0.57740625 0.54059375 0.5816874999999999 0.537375 0.5816874999999999 0.5326875 0.581015625 0.524515625 0.580078125 0.49840625000000005 0.579015625 0.498140625 0.575125 0.498671875 0.5741875000000001 0.50590625 0.573921875 0.506296875 0.573515625 0.506703125 0.572859375 0.507640625 0.57271875 0.5084531250000001 0.57271875 0.510453125 0.572984375 0.51259375 0.572984375 0.51353125 0.573515625 0.515015625 0.5740624999999999 0.517015625 0.5741875000000001 0.517953125 0.5740624999999999 0.518359375 0.570578125 0.519828125
49 0.6035625 0.5014375 0.6011562500000001 0.50221875 0.60071875 0.504078125 0.600171875 0.50528125 0.59525 0.5056093749999999 0.5939375 0.50790625 0.59184375 0.5084531250000001 0.592609375 0.5218125 0.608171875 0.5200625 0.60871875 0.5094375 0.6088281249999999 0.501 0.6089375 0.49990625 0.6057812499999999 0.4998125 0.6054062499999999 0.49990625 0.6044375 0.501 0.6035625 0.5014375
49 0.976875 0.5333593750000001 0.9796093750000001 0.533203125 0.97946875 0.530453125 0.979765625 0.52159375 0.981609375 0.5173125 0.981609375 0.513046875 0.981296875 0.506625 0.978703125 0.5061718749999999 0.978703125 0.50571875 0.9782500000000001 0.503578125 0.9770156249999999 0.5018906249999999 0.975796875 0.5018906249999999 0.9748749999999999 0.5023593749999999 0.97365625 0.5046406250000001 0.9735156249999999 0.5060156250000001 0.9732031250000001 0.5069375 0.971515625 0.507546875 0.970453125 0.5081562500000001 0.9698437500000001 0.5098281250000001 0.9698437500000001 0.511515625 0.9698437500000001 0.514109375 0.96953125 0.51640625 0.96953125 0.5179218750000001 0.9696875 0.51915625 0.971828125 0.520984375 0.97228125 0.523890625 0.973046875 0.530296875 0.971828125 0.53275 0.973046875 0.5333593750000001 0.976875 0.5333593750000001
49 0.99490625 0.5075937500000001 0.992125 0.50459375 0.9914375 0.49973437499999995 0.9868124999999999 0.49903125 0.9858750000000001 0.5025000000000001 0.9856406249999999 0.5059843749999999 0.9851875 0.511296875 0.9854218749999999 0.516625 0.98703125 0.520796875 0.9891249999999999 0.530046875 0.9946718750000001 0.53028125 0.99375 0.5293593750000001 0.9946718750000001 0.516390625 0.99490625 0.5075937500000001
18 0 0.64353125 0.00559375 0.6541718750000001 0.03396875 0.65890625 0.046984375 0.650625 0.056437499999999995 0.637625 0.115578125 0.632890625 0.119125 0.58203125 0.12740625 0.49924999999999997 0.12503124999999998 0.49806249999999996 0.0895625 0.49215625 0 0.496890625 0 0.516984375 0 0.6045 0 0.64353125