63 0.524390625 0.544015625 0.67471875 0.397265625 0.6675625000000001 0.22365624999999997 0.5333281249999999 0.11985937499999999 0.359734375 0.13774999999999998 0.241609375 0.264828125 0.236234375 0.42768750000000005 0.347203125 0.54759375 0.524390625 0.544015625
49 0.9605312500000001 0.8846718750000001 0.9579375000000001 0.865796875 0.9549843750000001 0.851359375 0.94646875 0.8446875 0.94609375 0.829890625 0.9372187500000001 0.829515625 0.9335156250000001 0.839515625 0.9279531249999999 0.843953125 0.9224062500000001 0.85690625 0.9231406249999999 0.862453125 0.923890625 0.8835625 0.918328125 0.89540625 0.9305468749999999 0.8968906249999999 0.9298125 0.9 0.952765625 0.8994687499999999 0.952765625 0.88615625 0.9605312500000001 0.8846718750000001
49 0.90278125 0.8867968749999999 0.9038125000000001 0.8873125 0.905875 0.888875 0.9079375000000001 0.8899062499999999 0.908453125 0.88784375 0.9079375000000001 0.881640625 0.9079375000000001 0.8738906249999999 0.9079375000000001 0.866671875 0.90896875 0.8609843749999999 0.910515625 0.853765625 0.9136093750000001 0.8491093749999999 0.914125 0.8434375 0.9079375000000001 0.8387968750000001 0.9043281249999999 0.8372343750000001 0.9022500000000001 0.833625 0.8991562500000001 0.8289843749999999 0.8965781249999999 0.8295 0.8965781249999999 0.833625 0.894515625 0.83671875 0.8893437499999999 0.839828125 0.887796875 0.8444687500000001 0.8888281250000001 0.8511875 0.8909062499999999 0.8589218750000001 0.8934843750000001 0.867703125 0.8950312500000001 0.8852499999999999 0.8950312500000001 0.888359375 0.8991562500000001 0.888875 0.90278125 0.8867968749999999
18 0.7604375 0.8427031250000001 0.770203125 0.843734375 0.7789375 0.8498906249999999 0.785625 0.867375 0.801546875 0.86428125 0.8113125 0.877140625 0.822625 0.8905 0.8282812500000001 0.895125 0.8339375 0.891015625 0.837015625 0.8832968749999999 0.83290625 0.8720000000000001 0.827765625 0.865828125 0.8221093749999999 0.857609375 0.813375 0.8432187499999999 0.8108124999999999 0.8344843750000001 0.80053125 0.830875 0.75221875 0.828828125 0.745015625 0.83396875 0.7445 0.83653125 0.752734375 0.841671875 0.7604375 0.8427031250000001
18 0.655859375 0.89615625 0.6832499999999999 0.8992812499999999 0.7208125 0.8992812499999999 0.774796875 0.8992812499999999 0.78340625 0.8992812499999999 0.79984375 0.8992812499999999 0.8061093749999999 0.9 0.8053125 0.890671875 0.795921875 0.87971875 0.78496875 0.8656406249999999 0.7779375 0.849984375 0.772453125 0.8437187500000001 0.74428125 0.84059375 0.6871562499999999 0.8366875 0.673078125 0.8437187500000001 0.655859375 0.89615625
49 0.074328125 0.86315625 0.0696875 0.827375 0.073 0.819421875 0.07234375 0.81015625 0.06371875 0.8074999999999999 0.057765625 0.81015625 0.051796875 0.82340625 0.045171875 0.83003125 0.040531250000000005 0.8525625 0.042515625 0.8969531249999999 0.0630625 0.8989375000000001 0.061078125000000004 0.897609375 0.073 0.8982812499999999 0.074328125 0.86315625
18 0.5301875 0.851578125 0.5506562500000001 0.85353125 0.55359375 0.8547499999999999 0.5545625000000001 0.8618124999999999 0.555046875 0.8618124999999999 0.561875 0.861578125 0.564546875 0.8605937499999999 0.5667500000000001 0.85353125 0.57478125 0.854515625 0.57478125 0.8574375 0.577703125 0.859140625 0.5835625 0.859140625 0.5864843750000001 0.8581562500000001 0.5879375 0.8530468750000001 0.588921875 0.84671875 0.5881875 0.8413437500000001 0.5845312500000001 0.8362343750000001 0.5820937500000001 0.8350156249999999 0.58428125 0.8313593750000001 0.5835625 0.8286875 0.576984375 0.830140625 0.57478125 0.8262499999999999 0.5657656249999999 0.82259375 0.555046875 0.8199062500000001 0.5316562499999999 0.819421875 0.524109375 0.8255156250000001 0.521671875 0.8493906250000001 0.526046875 0.850859375 0.5301875 0.851578125
18 0.8481562500000001 0.86446875 0.8366875 0.83415625 0.8219375 0.831703125 0.82521875 0.853 0.8366875 0.8784062499999999 0.8481562500000001 0.86446875
63 0.224921875 0.7711875 0.2345625 0.77153125 0.24696875000000001 0.7584531250000001 0.24834375 0.73640625 0.23767187500000003 0.7212500000000001 0.217 0.719875 0.21356250000000002 0.724015625 0.20564062500000002 0.735375 0.203578125 0.7584531250000001 0.208390625 0.7694687499999999 0.21942187500000002 0.77153125 0.224578125 0.724703125 0.22871875 0.723328125 0.224921875 0.7711875
36 0.9261250000000001 0.897859375 0.930109375 0.8960156250000001 0.930109375 0.892328125 0.9298125 0.889265625 0.92796875 0.8843593750000001 0.9255156250000001 0.8834375 0.9230625 0.88528125 0.9212187500000001 0.886203125 0.918140625 0.8935625 0.918140625 0.895703125 0.921828125 0.897234375 0.9261250000000001 0.897859375
18 0.8124375 0.834578125 0.8137187499999999 0.8412968749999999 0.82521875 0.864640625 0.8319375000000001 0.8694375000000001 0.825859375 0.8515312500000001 0.82203125 0.8297812499999999 0.8102031249999999 0.82659375 0.795484375 0.824984375 0.77565625 0.827234375 0.774375 0.8297812499999999 0.77565625 0.82946875 0.8015625 0.8301093749999999 0.8124375 0.834578125
18 0.8475625000000001 0.8626093750000001 0.8491250000000001 0.8670625 0.8497031249999999 0.86434375 0.8520312499999999 0.846296875 0.8489218749999999 0.8373593749999999 0.8446562500000001 0.8297968750000001 0.829703125 0.8299843750000001 0.827953125 0.83115625 0.8260156249999999 0.8325156249999999 0.8376718750000001 0.8338749999999999 0.8475625000000001 0.8626093750000001