49 0.72865625 0.24712499999999998 0.72865625 0.251609375 0.763140625 0.23362500000000003 0.763140625 0.232125 0.758640625 0.224625 0.754140625 0.211140625 0.752640625 0.200640625 0.74065625 0.18265625000000002 0.73165625 0.187140625 0.7301562500000001 0.191640625 0.72565625 0.18265625000000002 0.71815625 0.21862499999999999 0.72865625 0.24712499999999998
49 0.654015625 0.243953125 0.656703125 0.22853125 0.656703125 0.22181250000000002 0.6496562499999999 0.216453125 0.646625 0.20403125000000003 0.65165625 0.20235937499999998 0.653 0.19464062499999998 0.6496562499999999 0.18357812499999998 0.6489843750000001 0.1761875 0.6489843750000001 0.167796875 0.63690625 0.16746875 0.6345468750000001 0.1688125 0.631875 0.17484375000000002 0.62784375 0.179875 0.6238125 0.188609375 0.6251562500000001 0.19832812500000002 0.630859375 0.21376562500000001 0.6405937500000001 0.2208125 0.643953125 0.231203125 0.640921875 0.250328125 0.645953125 0.25201562499999997 0.654015625 0.24865624999999997 0.654015625 0.243953125
4 0.48804687500000005 0.43640625 0.48268750000000005 0.43543750000000003 0.48023437500000005 0.46518750000000003 0.48609375000000005 0.46665625000000005 0.49145312499999994 0.43934375000000003 0.48804687500000005 0.43640625
49 0.3990625 0.54240625 0.41042187500000005 0.5452343749999999 0.41467187499999997 0.53459375 0.40970312499999995 0.5331875 0.416796875 0.5090625 0.39978125000000003 0.49984375 0.403328125 0.49275 0.41325 0.484953125 0.44090625 0.49701562499999996 0.44232812499999996 0.49134374999999997 0.42176562500000003 0.47503124999999996 0.4210625 0.46296875000000004 0.412546875 0.45304687499999996 0.400484375 0.45375 0.394109375 0.46721874999999996 0.38134375 0.47573437500000004 0.372828125 0.4885 0.368578125 0.515453125 0.37140625 0.519703125 0.386296875 0.52325 0.37707812500000004 0.5509062499999999 0.379921875 0.559421875 0.396234375 0.563671875 0.396234375 0.562265625 0.39268749999999997 0.5452343749999999 0.3990625 0.54240625
49 0.13115625 0.21471874999999999 0.13096875 0.20403125000000003 0.12984374999999998 0.19729687499999998 0.12628124999999998 0.191859375 0.12646875 0.187734375 0.13096875 0.18848437499999998 0.13096875 0.18492187499999999 0.12834375 0.184171875 0.12515625 0.177046875 0.12046874999999999 0.175546875 0.11428125 0.178546875 0.113171875 0.185671875 0.11578124999999999 0.192234375 0.11821875 0.190921875 0.11878124999999999 0.192984375 0.11840625 0.194484375 0.113359375 0.20834375 0.107171875 0.20459375 0.105296875 0.20721875 0.105671875 0.21171875 0.11204687499999999 0.21828124999999998 0.11204687499999999 0.22709375 0.113359375 0.238328125 0.13228125 0.23459375 0.13284374999999998 0.22746875000000003 0.13115625 0.22240625 0.13115625 0.21471874999999999
49 0.17859375 0.20550000000000002 0.1809375 0.195421875 0.177921875 0.190703125 0.17489062500000002 0.19339062499999998 0.172875 0.187015625 0.16984375000000002 0.18634375 0.16278125000000002 0.188015625 0.159765625 0.198109375 0.16009374999999998 0.20987499999999998 0.15303125 0.23340624999999998 0.1711875 0.23139062500000002 0.172875 0.21760937500000002 0.17859375 0.20550000000000002
49 0.33134375 0.18140625 0.311859375 0.184390625 0.313359375 0.19639062499999999 0.304359375 0.200890625 0.299859375 0.21589062499999997 0.34634375 0.211390625 0.34484375 0.19789062500000001 0.33284375 0.19039062499999998 0.33134375 0.18140625
49 0.038984375 0.212890625 0.026984374999999998 0.212890625 0.017984375 0.227875 0.009 0.233875 0.010499999999999999 0.253359375 0.053968749999999996 0.242875 0.05546875 0.230875 0.044984375 0.224875 0.038984375 0.212890625
49 0.37534375 0.19584375 0.37534375 0.19303125000000002 0.37646875 0.19134374999999998 0.37646875 0.18946875000000002 0.37496874999999996 0.18815625 0.37403125 0.18421875000000001 0.37046875 0.18309375 0.36596875 0.18346875 0.36390625 0.18665625 0.36353125 0.18946875000000002 0.36409375 0.19228125000000001 0.36390625 0.19453125 0.36521875000000004 0.19584375 0.36559375 0.19696875 0.36540625000000004 0.19865625 0.36071875000000003 0.19809375 0.357734375 0.19940625 0.354359375 0.20334375 0.353421875 0.20878125 0.353984375 0.21121875 0.38209375 0.20934375 0.38153125 0.20915625000000002 0.37890625 0.20428125000000003 0.37946875 0.19828125000000002 0.37871875 0.19621875 0.37534375 0.19584375
5 0.48098437499999996 0.522953125 0.4819375 0.52259375 0.483140625 0.51878125 0.482296875 0.516046875 0.48028125 0.5172343749999999 0.478484375 0.519140625 0.478609375 0.5211718750000001 0.48098437499999996 0.522953125
49 0.49214062500000005 0.571359375 0.502578125 0.555046875 0.50453125 0.538078125 0.52671875 0.5472187500000001 0.529984375 0.573328125 0.552828125 0.57659375 0.55675 0.571359375 0.54434375 0.5655 0.5410781250000001 0.549828125 0.536515625 0.52959375 0.5110625 0.5198125 0.514328125 0.5100156250000001 0.51825 0.482609375 0.509765625 0.47673437500000004 0.512375 0.470859375 0.5084531250000001 0.45912499999999995 0.4993125 0.45715625 0.49214062500000005 0.461734375 0.49343750000000003 0.47739062499999996 0.48821875 0.478703125 0.47321875 0.478703125 0.462765625 0.478046875 0.45754687499999996 0.4845625 0.46864062500000003 0.49240625 0.481703125 0.4963125 0.4843125 0.510671875 0.4843125 0.52959375 0.49018750000000005 0.54853125 0.486265625 0.56353125 0.47582812499999994 0.583109375 0.4725625 0.5857187500000001 0.49670312499999997 0.5818125000000001 0.49214062500000005 0.571359375
49 0.4453125 0.5515 0.44284375000000004 0.546984375 0.44632812499999996 0.544734375 0.451046875 0.544328125 0.45657812499999995 0.5455625000000001 0.46415625 0.5449375 0.4680625 0.540234375 0.46559375000000003 0.536546875 0.458421875 0.536125 0.46046875 0.5328593749999999 0.46764062500000003 0.526296875 0.47604687500000004 0.51953125 0.47728125 0.519734375 0.478921875 0.521984375 0.4828125 0.5250625 0.48465625 0.5199374999999999 0.48403124999999997 0.5144062500000001 0.481375 0.512765625 0.47768750000000004 0.507859375 0.47665625 0.50334375 0.47665625 0.49945312499999994 0.47665625 0.493921875 0.474203125 0.491875 0.47112499999999996 0.49003125000000003 0.466421875 0.48715624999999996 0.46293749999999995 0.486140625 0.458421875 0.48674999999999996 0.45534375000000005 0.4875625 0.45453124999999994 0.490234375 0.45473437499999997 0.49331250000000004 0.45165625 0.4955625 0.4498125 0.49821875000000004 0.446953125 0.498421875 0.44510937500000003 0.49924999999999997 0.43937499999999996 0.501296875 0.42932812499999995 0.5097031249999999 0.42215625 0.519328125 0.42195312500000004 0.526296875 0.42296875 0.52978125 0.42400000000000004 0.533875 0.42440625 0.5373593750000001 0.42523437499999994 0.542078125 0.42625 0.546171875 0.42604687500000005 0.54965625 0.428296875 0.5531406249999999 0.43178124999999995 0.55415625 0.431171875 0.5543750000000001 0.434453125 0.556828125 0.443265625 0.5574375 0.4430625 0.557234375 0.44470312500000003 0.555390625 0.4453125 0.5515
49 0.30090625000000004 0.21415625 0.30140625 0.21018750000000003 0.30090625000000004 0.206203125 0.2924375 0.198734375 0.290453125 0.19424999999999998 0.28696875 0.184796875 0.27949999999999997 0.1838125 0.2680625 0.2091875 0.276015625 0.21018750000000003 0.276015625 0.22162500000000002 0.2785 0.21964062499999998 0.297421875 0.21615625 0.30090625000000004 0.21415625
49 0.1838125 0.20246875000000003 0.176234375 0.21600000000000003 0.171375 0.23059375000000001 0.1838125 0.23059375000000001 0.2038125 0.22896875 0.2038125 0.217625 0.2054375 0.20246875000000003 0.2086875 0.193828125 0.20490624999999998 0.181921875 0.199484375 0.17381249999999998 0.193 0.16893750000000002 0.177859375 0.16678125 0.176234375 0.16640625 0.18271874999999999 0.176515625 0.17515624999999999 0.17976562499999998 0.18001562499999998 0.19003125 0.1838125 0.20246875000000003
49 0.80278125 0.23059375000000001 0.81071875 0.23059375000000001 0.825609375 0.22959374999999999 0.822640625 0.224625 0.8186562500000001 0.2166875 0.818171875 0.1988125 0.81171875 0.189890625 0.8047656249999999 0.18590625 0.79434375 0.18790625 0.78440625 0.192859375 0.77696875 0.20626562499999998 0.777953125 0.21171875 0.7789531249999999 0.21768749999999998 0.783921875 0.23059375000000001 0.78590625 0.232578125 0.792859375 0.23059375000000001 0.80278125 0.23059375000000001
49 0.2446875 0.16859375000000001 0.21937500000000001 0.17515624999999999 0.2171875 0.17890625 0.2109375 0.17734375 0.2046875 0.18046875 0.20305989531250002 0.1771484375 0.1321614578125 0.175390625 0.0703125 0.16640625 0.07421875 0.17421875 0.069140625 0.173828125 0.0615625 0.16671875 0.061263020312500006 0.1736328125 0.05338541718749999 0.1734375 0.0528125 0.16703125000000002 0.0455078125 0.1732421875 0.0440625 0.16734374999999999 0.0376302078125 0.173046875 0.035312500000000004 0.16765625 0.0297526046875 0.1728515625 0.0265625 0.16796875 0.021875 0.17265625 0.0203125 0.18671875 0.028125 0.19453125 0.0328125 0.20703125 0.040625 0.21640625 0.0703125 0.21640625 0.0734375 0.21328125 0.078125 0.19609375 0.0770182296875 0.1740234375 0.1242838546875 0.1751953125 0.2078125 0.19140625 0.2046875 0.22265625 0.209375 0.23671875 0.215625 0.24296875 0.2234375 0.24296875 0.228125 0.23984375 0.2296875 0.23046875 0.225 0.21953125 0.22265625 0.19375 0.2484375 0.19140625 0.2609375 0.20859375 0.26875 0.20859375 0.275 0.19453125 0.2859375 0.1955078125 0.296875 0.19140625 0.296875 0.196484375 0.3049479171875 0.1973307296875 0.30625 0.19140625 0.31302083281250004 0.1981770828125 0.3776041671875 0.2049479171875 0.3796875 0.21171875 0.3859375 0.21796875 0.3984375 0.21640625 0.4078125 0.20546875 0.40989583281249997 0.20833333281250002 0.4203125 0.20859375 0.4234375 0.21171875 0.4328125 0.21171875 0.4359375 0.20859375 0.446875 0.21640625 0.4890625 0.21328125 0.4953125 0.20703125 0.49375 0.19765625 0.663651315625 0.1674753296875 0.853125 0.16796875 0.8515625 0.17265625 0.840625 0.18359375 0.840625 0.19296875 0.8453125 0.19765625 0.85625 0.19765625 0.8578125 0.21015625 0.8625 0.21484375 0.871875 0.21484375 0.8765625 0.20859375 0.8890625 0.21796875 0.8984375 0.21796875 0.903125 0.21171875 0.90625 0.19296875 0.9234375 0.19296875 0.928125 0.18671875 0.92578125 0.17265625 0.95 0.17421875 0.9484375 0.18984375 0.9609375 0.19765625 0.9625 0.21171875 0.9671875 0.21640625 0.9765625 0.21640625 0.9796875 0.21328125 0.9828125 0.21640625 0.99375 0.21640625 0.996875 0.21328125 0.9984375 0.16640625 0.95625 0.16640625 0.9177083328125001 0.1721354171875 0.9109375 0.16796875 0.9096354171875 0.1716145828125 0.902678571875 0.16796875 0.9015625 0.17109375 0.8944196421875 0.16796875 0.8934895828125 0.1705729171875 0.8861607140625001 0.16796875 0.8854166671874999 0.1700520828125 0.8779017859374999 0.16796875 0.87734375 0.16953125 0.8696428578125 0.16796875 0.8692708328125001 0.1690104171875 0.861383928125 0.16796875 0.44259868437499994 0.1668996703125 0.440625 0.17265625 0.4359375 0.16640625 0.253125 0.16640625 0.2484375 0.17109375 0.2446875 0.16859375000000001