18 0.2789375 0.754953125 0.28196875 0.754671875 0.282703125 0.7540312499999999 0.28390624999999997 0.75171875 0.284 0.751265625 0.28409375 0.7501562500000001 0.28446875 0.7479375 0.284734375 0.747109375 0.284734375 0.744625 0.284375 0.7425937499999999 0.28381249999999997 0.741578125 0.28215625 0.74075 0.279671875 0.7402968750000001 0.274328125 0.741484375 0.2729375 0.742140625 0.272296875 0.74415625 0.272203125 0.745265625 0.27175 0.74675 0.27137500000000003 0.747015625 0.270453125 0.7485937500000001 0.270359375 0.7503437500000001 0.270359375 0.751359375 0.26990625 0.7521875 0.269625 0.753109375 0.269625 0.754296875 0.26925 0.754484375 0.271 0.7552187499999999 0.272015625 0.754671875 0.278375 0.754671875 0.2789375 0.754953125
18 0.9577656250000001 0.6517968749999999 0.955125 0.655328125 0.954828125 0.664140625 0.9554218750000001 0.66884375 0.9692343749999999 0.667671875 0.9680624999999999 0.65796875 0.9686406249999999 0.659140625 0.969828125 0.6544375 0.9577656250000001 0.6517968749999999
18 0.272078125 0.799828125 0.27415625 0.798921875 0.27478125000000003 0.794046875 0.277484375 0.792609375 0.2779375 0.789625 0.27559374999999997 0.784390625 0.264671875 0.784203125 0.256640625 0.792875 0.25375000000000003 0.796578125 0.25546875 0.798921875 0.26990625 0.798203125 0.272078125 0.799828125
18 0.356515625 0.69284375 0.35678125 0.688171875 0.354703125 0.6839999999999999 0.34090625 0.68321875 0.34168750000000003 0.683484375 0.34065625 0.6907656249999999 0.3414375 0.697265625 0.353921875 0.6983125 0.356515625 0.69284375
0 0.26232812499999997 0.53634375 0.359765625 0.561828125 0.42571875 0.569328125 0.4841875 0.5903125 0.548640625 0.5903125 0.548640625 0.575328125 0.545640625 0.567828125 0.6670625 0.573828125 0.6880468750000001 0.566328125 0.7135312500000001 0.55134375 0.6790468749999999 0.522859375 0.635578125 0.519859375 0.35226562499999997 0.524359375 0.27132812500000003 0.46140625 0.24434375 0.46290624999999996 0.26382812499999997 0.5123593750000001 0.26232812499999997 0.53634375
74 0.17095312499999998 0.748765625 0.168828125 0.742359375 0.16668750000000002 0.73128125 0.149203125 0.730421875 0.136828125 0.7419374999999999 0.138953125 0.764125 0.15517187500000001 0.7649843749999999 0.159015625 0.76925 0.158578125 0.76625 0.17053125 0.75559375 0.17095312499999998 0.748765625
72 0.39654687499999997 0.40003124999999995 0.39684375 0.40009375 0.397453125 0.40006250000000004 0.397875 0.40004687499999997 0.39878125 0.3999375 0.399125 0.39973437500000003 0.39915625 0.39835937499999996 0.3991875 0.3975625 0.398046875 0.397078125 0.397125 0.39718749999999997 0.396390625 0.397625 0.39635937499999996 0.39771875 0.39651562500000004 0.3999375 0.39654687499999997 0.40003124999999995
18 0.113984375 0.80796875 0.1149375 0.8095625 0.11209374999999999 0.81365625 0.129625 0.814453125 0.1305625 0.81096875 0.132625 0.811140625 0.13309375 0.802921875 0.12946875 0.799921875 0.12882812500000002 0.799609375 0.117296875 0.800078125 0.113984375 0.80796875
18 0.167125 0.788625 0.160921875 0.7826562499999999 0.1508125 0.779671875 0.148984375 0.781734375 0.149203125 0.7865624999999999 0.14737499999999998 0.7943749999999999 0.162765625 0.796671875 0.16575 0.7943749999999999 0.167125 0.788625
18 0.20696875 0.760625 0.21004687500000002 0.764109375 0.210734375 0.762578125 0.214359375 0.7615937500000001 0.21560937500000002 0.7636875 0.217015625 0.76340625 0.218953125 0.7593593750000001 0.218953125 0.7557343750000001 0.21728125 0.7540625000000001 0.218265625 0.753796875 0.21840625 0.7528125 0.217015625 0.752125 0.215203125 0.7497499999999999 0.2090625 0.7503124999999999 0.20656249999999998 0.751 0.20614062500000002 0.754765625 0.20696875 0.760625
18 0.192015625 0.74528125 0.19040625 0.7462187499999999 0.19 0.749828125 0.19228125000000001 0.750765625 0.195625 0.75196875 0.1965625 0.750765625 0.19803125 0.750359375 0.199765625 0.752625 0.20096875 0.752234375 0.20231249999999998 0.7502187499999999 0.20565625 0.747953125 0.204984375 0.741125 0.20217187499999997 0.7401875 0.20271875 0.73778125 0.19334374999999998 0.7380625000000001 0.19134374999999998 0.741796875 0.19134374999999998 0.7440781249999999 0.192015625 0.74528125
18 0.305875 0.75290625 0.30625 0.7582187499999999 0.3155 0.758578125 0.31696875 0.756859375 0.31734375 0.744890625 0.315859375 0.743171875 0.308953125 0.743171875 0.305015625 0.746859375 0.30489062499999997 0.746859375 0.30403125000000003 0.752046875 0.305875 0.75290625
18 0.491046875 0.479703125 0.486796875 0.479984375 0.48735937500000004 0.48309375 0.4890625 0.48875 0.48934375 0.48846875 0.49273437500000006 0.48931250000000004 0.49415624999999996 0.48479687499999996 0.493578125 0.4805625 0.491046875 0.479703125
18 0.08390625 0.47651562500000005 0.08415625 0.47528125 0.084890625 0.474921875 0.085875 0.475046875 0.08625000000000001 0.47565625 0.08809375 0.47701562500000005 0.08920312500000001 0.477375 0.0900625 0.47689062499999996 0.09140625 0.47528125 0.09178125000000001 0.475046875 0.09228125000000001 0.474796875 0.093375 0.47035937499999997 0.09326562499999999 0.469625 0.090671875 0.46987500000000004 0.0899375 0.46901562500000005 0.08832812500000001 0.46790624999999997 0.082796875 0.46851562500000005 0.082921875 0.46901562500000005 0.082421875 0.47121874999999996 0.0818125 0.474796875 0.0818125 0.47725 0.08390625 0.47651562500000005
18 0.34646875 0.7290625000000001 0.3510625 0.72953125 0.351984375 0.731828125 0.35726562500000003 0.73159375 0.357953125 0.71321875 0.348546875 0.713453125 0.345328125 0.7164375 0.341421875 0.725390625 0.340734375 0.729296875 0.34234375 0.733203125 0.345328125 0.732046875 0.34646875 0.7290625000000001
16 0.687953125 0.49924999999999997 0.686328125 0.496375 0.68471875 0.486703125 0.652078125 0.486515625 0.651359375 0.502484375 0.68615625 0.50265625 0.687953125 0.49924999999999997
74 0.5148125 0.48221875000000003 0.515171875 0.4851875 0.51653125 0.48776562500000004 0.518625 0.488875 0.5217031249999999 0.48998437499999997 0.52490625 0.489 0.527734375 0.489734375 0.531546875 0.48296875000000006 0.53215625 0.469796875 0.519609375 0.4690625 0.518625 0.4686875 0.515921875 0.47853124999999996 0.5148125 0.48221875000000003
18 0.46271874999999996 0.45978125 0.46423437500000003 0.45307812500000005 0.456234375 0.45285937499999995 0.455375 0.45307812500000005 0.455375 0.458921875 0.46271874999999996 0.45978125
16 0.713328125 0.7981874999999999 0.714078125 0.8009375000000001 0.725765625 0.8014531249999999 0.728515625 0.8005625000000001 0.728515625 0.7994375 0.728140625 0.780484375 0.725765625 0.7704375 0.7090625 0.7704375 0.7080625 0.7714375 0.707546875 0.795796875 0.713328125 0.7981874999999999
74 0.16209374999999998 0.796046875 0.161828125 0.79459375 0.16484375 0.7925 0.1640625 0.78740625 0.1613125 0.78178125 0.156078125 0.780859375 0.149796875 0.782296875 0.146 0.795390625 0.147828125 0.796953125 0.16 0.79734375 0.16209374999999998 0.796046875
18 0 0.47421875 0.0046875 0.47890625 0.0640625 0.47890625 0.06875 0.47421875 0.08125 0.47421875 0.0828125 0.46953125 0.0890625 0.46953125 0.09375 0.47265625 0.10625 0.47265625 0.1140625 0.460546875 0.215625 0.4609095984375 0.10625 0.45390625 0.1109375 0.46015625 0.0984375 0.46049107109375004 0.0978125 0.45406250000000004 0.08937500000000001 0.45421875 0.090625 0.46046316953125005 0.0828125 0.46043526796874995 0.0809375 0.45437500000000003 0.0725 0.45453124999999994 0.075 0.46040736640624996 0.0671875 0.46037946406249997 0.0640625 0.4546875 0.059375 0.4603515625 0.055625 0.45484375000000005 0.0515625 0.4603236609375 0.0471875 0.45499999999999996 0.04375 0.46029575859375005 0.03875 0.45515625000000004 0.0359375 0.46026785703125006 0.0303125 0.45531249999999995 0.028125 0.46023995546874996 0.021875 0.45546875 0.01875 0.45859375 0.0125 0.4601841515625 0.0046875 0.46015625 0 0.46484375 0 0.47421875
18 0.4484375 0.47421875 0.4515625 0.47109375 0.4515625 0.46484375 0.4484375 0.46171875 0.4421875 0.46171875 0.45859375 0.44296875 0.4640625 0.44921875 0.4703125 0.44921875 0.4734375 0.44609375 0.4734375 0.43984375 0.4703125 0.43671875 0.4691666666666666 0.43078125 0.49468750000000006 0.40109374999999997 0.525625 0.42609375000000005 0.520625 0.45015625000000004 0.5302083333333333 0.45234375 0.534375 0.44296875 0.5546875 0.44296875 0.5578125 0.43828125 0.5578125 0.43203125 0.5546875 0.42734375 0.5345170454545454 0.42578125 0.5353693181818182 0.41796875 0.5272916666666667 0.4180729166666667 0.5289583333333334 0.4100520833333333 0.5362215909090909 0.41015625 0.530625 0.40203125 0.5370738636363637 0.40234375 0.5322916666666667 0.39401041666666664 0.5379261363636363 0.39453125 0.5387784090909091 0.38671875 0.5339583333333333 0.38598958333333333 0.535625 0.37796875 0.5396306818181819 0.37890625 0.5404829545454546 0.37109375 0.5372916666666667 0.3699479166666667 0.5372916666666667 0.36786458333333333 0.5413352272727272 0.36328125 0.5389583333333333 0.3577604166666667 0.5421875 0.35546875 0.55 0.35390625 0.5640625 0.34765625 0.5671875 0.35078125 0.5734375 0.35078125 0.5765625 0.34765625 0.5765625 0.34140625 0.58828125 0.34453125 0.59375 0.34921875 0.584375 0.35234375 0.584375 0.35859375 0.5875 0.36171875 0.59375 0.36171875 0.596875 0.35859375 0.596875 0.35234375 0.6078125 0.34609375 0.6078125 0.35390625 0.6109375 0.35703125 0.6171875 0.35703125 0.6203125 0.35390625 0.6203125 0.34609375 0.615625 0.34296875 0.6161458333333333 0.33359375 0.609375 0.33203125 0.6015625 0.33359375 0.6015625 0.32734375 0.5984375 0.32421875 0.6026041666666667 0.31796875 0.6166666666666667 0.32421875 0.6171875 0.31484375 0.609375 0.31328125 0.5921875 0.32421875 0.5890625 0.32734375 0.5890625 0.33359375 0.58125 0.3309895833333333 0.5734375 0.3346354166666667 0.5734375 0.33828125 0.565625 0.33828125 0.5489583333333333 0.34453125 0.5484375 0.34609375 0.540625 0.34765625 0.4609375 0.43984375 0.434375 0.46169084821428574 0.4265625000000002 0.4616629464285714 0.4390625 0.46484375 0.4390625 0.47109375 0.4421875 0.47421875 0.4484375 0.47421875