13 0.6621875 0.216984375 0.659203125 0.196171875 0.6536875 0.18003125 0.648171875 0.17153125 0.643921875 0.17196875 0.643484375 0.18215625 0.641375 0.209765625 0.6473125 0.25096875 0.6485937500000001 0.25140625 0.6664375 0.249703125 0.6621875 0.216984375
13 0.513875 0.203609375 0.530484375 0.208296875 0.524515625 0.1916875 0.5202656250000001 0.17381249999999998 0.5130312499999999 0.147828125 0.51259375 0.143578125 0.50621875 0.141875 0.49343750000000003 0.144 0.490890625 0.148265625 0.4913125 0.16571875 0.49259375 0.178921875 0.49301562499999996 0.181890625 0.49259375 0.20573437499999997 0.49259375 0.20659375 0.49471875 0.20617187499999998 0.513875 0.203609375
49 0.563875 0.80984375 0.592953125 0.8590625 0.5795312499999999 0.89709375 0.575046875 0.9932812500000001 0.6444062500000001 0.991046875 0.6600625 0.9239375000000001 0.664546875 0.8590625 0.669015625 0.8478749999999999 0.669015625 0.769578125 0.648875 0.6800937499999999 0.6332187499999999 0.6129687500000001 0.6421718750000001 0.5771875 0.653359375 0.45190625000000006 0.669015625 0.42953125 0.6958593750000001 0.413875 0.794296875 0.3579375 0.88825 0.31096875 0.88825 0.23937499999999998 0.7696875000000001 0.295296875 0.700328125 0.32439062500000004 0.577296875 0.326625 0.575046875 0.28859375 0.575046875 0.257265625 0.561625 0.214765625 0.50346875 0.196875 0.440828125 0.241609375 0.45425000000000004 0.30871875000000004 0.41398437499999996 0.275171875 0.346859375 0.165546875 0.26632812499999997 0.152125 0.39384375 0.37584375 0.4095 0.5480937499999999 0.37146875 0.639828125 0.261859375 0.77853125 0.255140625 0.876953125 0.27975 0.991046875 0.31778125 0.99553125 0.3245 0.91871875 0.344625 0.8784531250000001 0.33792187500000004 0.8068593749999999 0.47214062500000004 0.7531718749999999 0.467671875 0.75615625 0.501234375 0.758390625 0.563875 0.80984375
70 0.6567421875 0.445756009375 0.5118671875 0.6541021640625 0.428140625 0.7690625 0.430375 0.771296875 0.44159375 0.8161406250000001 0.481953125 0.84753125 0.51334375 0.961890625 0.5581875000000001 0.966375 0.571640625 0.9484375 0.580609375 0.908078125 0.5918125 0.8677187500000001 0.5918125 0.8340781249999999 0.54921875 0.8116562500000001 0.5312812499999999 0.789234375 0.51109375 0.7578437499999999 0.46401562500000004 0.748875 0.449665625 0.75695 0.44395703124999997 0.7517644234375 0.50733984375 0.66061298125 0.6388906249999999 0.612109375 0.6388906249999999 0.60369921875 0.6456171875 0.607625 0.65234375 0.603140625 0.6657968750000001 0.5515625 0.674765625 0.47757812499999996 0.67253125 0.43946874999999996 0.6657968750000001 0.432734375 0.66126953125 0.43924519218749997 0.663234375 0.44106249999999997 0.660671875 0.44939062500000004 0.6567421875 0.445756009375
12 0.209296875 0.46009374999999997 0.16478125 0.49106249999999996 0.209296875 0.6446562499999999 0.25770312500000003 0.5981875 0.209296875 0.46009374999999997
12 0.29667187500000003 0.5608593749999999 0.25153125 0.43140625000000005 0.20759375000000002 0.45634375 0.25865625 0.592921875 0.29667187500000003 0.5608593749999999
12 0.312734375 0.38703125 0.25528125 0.43084375 0.29715625 0.559390625 0.35265625 0.511671875 0.312734375 0.38703125
13 0.808078125 0.22321875000000002 0.812875 0.22082812500000001 0.81446875 0.20806249999999998 0.8112812500000001 0.17375000000000002 0.8112812500000001 0.160984375 0.80728125 0.15778125 0.80090625 0.1498125 0.8017031250000001 0.145015625 0.7985156250000001 0.142625 0.7985156250000001 0.134640625 0.7993125 0.134640625 0.7985156250000001 0.1290625 0.7793593750000001 0.13225 0.78015625 0.13704687499999998 0.789734375 0.134640625 0.789734375 0.141828125 0.78734375 0.153 0.780953125 0.160984375 0.7785624999999999 0.16975 0.77696875 0.19290625 0.77696875 0.22082812500000001 0.792921875 0.22321875000000002 0.8001093750000001 0.22321875000000002 0.808078125 0.22321875000000002
13 0.8447812499999999 0.165515625 0.832625 0.15335937500000002 0.83059375 0.15403125 0.83059375 0.14321875 0.82925 0.13173437500000001 0.8150625 0.13173437500000001 0.80965625 0.135109375 0.811671875 0.137140625 0.821140625 0.13443750000000002 0.8204687500000001 0.140515625 0.819109375 0.14525 0.817765625 0.15335937500000002 0.8109999999999999 0.16146875 0.813703125 0.220921875 0.8143750000000001 0.220921875 0.8218125000000001 0.2243125 0.8447812499999999 0.22362500000000002 0.8501875 0.21551562500000002 0.8447812499999999 0.165515625
13 0.6697031250000001 0.158390625 0.6682812499999999 0.16203125000000002 0.6670625 0.168515625 0.6628125 0.17967187499999998 0.6628125 0.185546875 0.665640625 0.23821875 0.66625 0.248359375 0.6761874999999999 0.24996875 0.691171875 0.2445 0.69078125 0.239640625 0.68590625 0.20215624999999998 0.686515625 0.185140625 0.6820625 0.178453125 0.67840625 0.16568750000000002 0.67740625 0.157375 0.6697031250000001 0.158390625
13 0.64528125 0.24912499999999999 0.637078125 0.19824999999999998 0.631328125 0.19703125 0.631328125 0.17896875 0.623125 0.18103125 0.623125 0.201125 0.618609375 0.201953125 0.62271875 0.251171875 0.62353125 0.25609375 0.644046875 0.25240625 0.64528125 0.24912499999999999
13 0.618140625 0.25379687500000003 0.618140625 0.24521874999999999 0.620984375 0.168078125 0.5995625 0.17521875 0.5995625 0.209515625 0.60528125 0.21807812499999998 0.6109843749999999 0.24235937500000002 0.618140625 0.25379687500000003
57 0.8638281250000001 0.35409375 0.84840625 0.35059375 0.846296875 0.352703125 0.8442031249999999 0.3583125 0.8371875 0.356203125 0.823859375 0.361109375 0.780375 0.389859375 0.747421875 0.42843749999999997 0.739 0.44946875000000003 0.746015625 0.472625 0.7614375 0.48384375 0.7656562499999999 0.49365625 0.788796875 0.49506249999999996 0.817546875 0.508390625 0.884171875 0.518203125 0.88628125 0.5203125 0.885578125 0.34778125000000004 0.8638281250000001 0.35409375
13 0.79965625 0.649921875 0.792171875 0.67559375 0.788953125 0.69378125 0.7793281249999999 0.7125 0.7975156250000001 0.7173125 0.8076718749999999 0.7125 0.812484375 0.70446875 0.830140625 0.649390625 0.824796875 0.64190625 0.826921875 0.634953125 0.8296093750000001 0.6247812500000001 0.81784375 0.621046875 0.8066093750000001 0.6386875 0.801796875 0.645109375 0.79965625 0.649921875
13 0.734375 0.15037499999999998 0.736625 0.23178125 0.7648906249999999 0.22726562499999997 0.75471875 0.14359375000000002 0.734375 0.15037499999999998