13 0.6120625000000001 0.42503124999999997 0.6112656249999999 0.428109375 0.6091249999999999 0.430375 0.6091249999999999 0.43490624999999994 0.609796875 0.43809375 0.609796875 0.44396874999999997 0.6105937499999999 0.45315625 0.61153125 0.454359375 0.6161875 0.45396875000000003 0.6204531249999999 0.454359375 0.620734375 0.4525 0.6193906250000001 0.45103125000000005 0.617265625 0.4505 0.615 0.44982812499999997 0.613796875 0.44903125 0.6140625 0.447703125 0.615921875 0.446359375 0.6180625 0.44490625 0.619921875 0.44409375000000006 0.621390625 0.44343750000000004 0.62165625 0.44129687500000003 0.621390625 0.435171875 0.621 0.43237500000000006 0.620859375 0.42996875 0.61953125 0.42917187500000004 0.618859375 0.42784374999999997 0.6181875 0.42690625000000004 0.6175312500000001 0.423703125 0.6171249999999999 0.41237500000000005 0.617 0.4125 0.612328125 0.4125 0.611921875 0.41676562500000003 0.612203125 0.41770312499999995 0.6120625000000001 0.42503124999999997
13 0.5957343749999999 0.454015625 0.59528125 0.42225 0.590140625 0.4213125 0.5859375 0.42925 0.586390625 0.42925 0.585 0.454015625 0.5957343749999999 0.454015625
13 0.57571875 0.41940625000000004 0.5778125000000001 0.430953125 0.5751875 0.44510937500000003 0.574671875 0.455609375 0.5799218749999999 0.45665625 0.5856874999999999 0.45509374999999996 0.5856874999999999 0.45403125 0.5856874999999999 0.43200000000000005 0.585171875 0.430953125 0.5841093749999999 0.41678125 0.5804375 0.413625 0.57571875 0.41415625 0.57571875 0.41940625000000004
13 0.5986875 0.44117187500000005 0.59928125 0.45534375000000005 0.605109375 0.4559375 0.6095625 0.4559375 0.609953125 0.44078125 0.60840625 0.43359375 0.606265625 0.42679687499999996 0.60646875 0.4184375 0.60375 0.4180625 0.6004375 0.418828125 0.6012187499999999 0.419421875 0.6012187499999999 0.42543749999999997 0.6012187499999999 0.4310625 0.59928125 0.436125 0.5986875 0.44117187500000005
13 0.70603125 0.612078125 0.706421875 0.58659375 0.7009375 0.579140625 0.70015625 0.5716875 0.6954374999999999 0.56815625 0.696234375 0.565796875 0.691125 0.5630625 0.68878125 0.566203125 0.68878125 0.5689375 0.68603125 0.569328125 0.68525 0.57678125 0.6777968750000001 0.59090625 0.6781875 0.608953125 0.6781875 0.610515625 0.6781875 0.6116875 0.70603125 0.612078125
52 0.67790625 0.572765625 0.685984375 0.572765625 0.690375 0.5632343750000001 0.695515625 0.5654375 0.69771875 0.56984375 0.699921875 0.5779062500000001 0.7072499999999999 0.58525 0.706515625 0.6057812499999999 0.7248593750000001 0.607984375 0.72559375 0.5991875 0.72853125 0.566171875 0.7322031250000001 0.566171875 0.7402656249999999 0.5764375 0.8209687499999999 0.5801093749999999 0.8187656249999999 0.52215625 0.789421875 0.5214218749999999 0.7791406249999999 0.490609375 0.78134375 0.47740625000000003 0.789421875 0.458328125 0.7989531249999999 0.45685937499999996 0.8026249999999999 0.44879687500000004 0.817296875 0.44953125 0.81803125 0.41431250000000003 0.779875 0.410640625 0.775484375 0.40184375 0.7835468750000001 0.392296875 0.6793750000000001 0.399640625 0.6713125 0.39449999999999996 0.66984375 0.43778125 0.67790625 0.572765625
13 0.735703125 0.623796875 0.73909375 0.621375 0.7376406249999999 0.5841093749999999 0.734734375 0.567171875 0.726984375 0.5666875 0.72359375 0.5816874999999999 0.726984375 0.6233125 0.735703125 0.623796875
13 0.63859375 0.3851875 0.635921875 0.382078125 0.635921875 0.377625 0.62746875 0.3780625 0.62790625 0.38296874999999997 0.624796875 0.384296875 0.626125 0.40078125 0.63103125 0.40434374999999995 0.639484375 0.403015625 0.63859375 0.3851875
13 0.5957656250000001 0.360875 0.6001562500000001 0.35971875 0.598984375 0.33718750000000003 0.592546875 0.33718750000000003 0.58728125 0.337484375 0.5837656250000001 0.33953125 0.584640625 0.36059375 0.58728125 0.360875 0.591078125 0.360875 0.5957656250000001 0.360875
13 0.647171875 0.355234375 0.64740625 0.333125 0.64534375 0.33290625 0.637828125 0.33221875 0.632125 0.33381249999999996 0.632125 0.355015625 0.635328125 0.356828125 0.641015625 0.356828125 0.647171875 0.355234375
13 0.655984375 0.356375 0.66525 0.35553124999999997 0.6644062500000001 0.333609375 0.662921875 0.330453125 0.661671875 0.33003125 0.6585 0.33003125 0.655140625 0.33025000000000004 0.650921875 0.331515625 0.6507031249999999 0.33340625 0.6500781250000001 0.334671875 0.648609375 0.33678125 0.649234375 0.354890625 0.65028125 0.35615625 0.65196875 0.35615625 0.655984375 0.356375
22 0.485 0.874640625 0.469140625 0.833375 0.45484375000000005 0.80003125 0.411984375 0.7754218749999999 0.373890625 0.7643125000000001 0.341359375 0.766703125 0.30484374999999997 0.7833593750000001 0.28103125 0.8032031249999999 0.256421875 0.8460625 0.25801562499999997 0.845265625 0.2485 0.875 0.485 0.874640625
78 0.2480625 0.45725 0.24885937500000002 0.459671875 0.24906250000000002 0.463328125 0.249671875 0.46595312499999997 0.250890625 0.46575 0.250890625 0.45865625000000004 0.25109375 0.45339062500000005 0.25373437499999996 0.44954687499999996 0.25940625 0.443671875 0.26040625 0.440234375 0.260609375 0.4329375 0.26 0.427671875 0.2581875 0.424234375 0.25534375 0.42179687499999996 0.252515625 0.42179687499999996 0.244203125 0.42220312499999996 0.24096875 0.42281250000000004 0.2405625 0.42484374999999996 0.24117187499999998 0.42909375 0.24320312500000002 0.43395312500000005 0.24320312500000002 0.439421875 0.24320312500000002 0.44489062500000004 0.241984375 0.448734375 0.24300000000000002 0.451171875 0.2464375 0.453796875 0.2480625 0.45725
78 0.22425 0.477828125 0.22746875000000003 0.47943749999999996 0.22889062500000001 0.48015625 0.23548437500000002 0.47996875 0.24548437500000003 0.47943749999999996 0.24493749999999997 0.477828125 0.24137499999999998 0.47657812499999996 0.234234375 0.47390625000000003 0.233890625 0.45625 0.23548437500000002 0.45375 0.23870312500000002 0.450890625 0.242453125 0.44857812499999994 0.24334375000000003 0.44465625 0.242625 0.43590625000000005 0.24137499999999998 0.42895312499999994 0.237453125 0.4230625 0.228359375 0.42378125000000005 0.22121875000000002 0.4255625 0.22032812499999999 0.429125 0.22228124999999999 0.4330625 0.224078125 0.43715624999999997 0.22496875 0.4439375 0.22639062499999998 0.44857812499999994 0.22853125 0.4573125 0.230140625 0.475328125 0.22425 0.477828125
78 0.178109375 0.48020312499999995 0.175 0.481453125 0.177484375 0.4839375 0.183703125 0.4839375 0.191765625 0.48268750000000005 0.19053124999999999 0.47648437499999996 0.181828125 0.47771875 0.181828125 0.473375 0.18121875 0.455984375 0.183078125 0.4535 0.188671875 0.44665625000000003 0.188671875 0.43734375 0.183078125 0.43237500000000006 0.173140625 0.433 0.16940625 0.43174999999999997 0.16940625 0.440453125 0.16940625 0.44976562500000006 0.173140625 0.459703125 0.177484375 0.469640625 0.17934375 0.47400000000000003 0.178109375 0.48020312499999995
78 0.11246875 0.48265624999999995 0.10890625000000001 0.46082812500000003 0.116921875 0.4528125 0.11870312499999999 0.438125 0.122265625 0.43143750000000003 0.091546875 0.43143750000000003 0.096890625 0.44079687500000003 0.097328125 0.45059375 0.10223437500000002 0.4559375 0.10534375 0.459046875 0.10801562499999999 0.484 0.103125 0.490234375 0.11959375000000001 0.48978124999999995 0.11246875 0.48265624999999995
78 0.1359375 0.459765625 0.13865624999999998 0.482421875 0.13740625 0.485359375 0.13446875 0.48703124999999997 0.133 0.48934375 0.134890625 0.49228125 0.13740625 0.49228125 0.14390624999999999 0.49228125 0.147890625 0.49164062499999994 0.14809375 0.48870312499999996 0.147046875 0.48703124999999997 0.143484375 0.483890625 0.141390625 0.46145312499999996 0.14264062500000002 0.459140625 0.1489375 0.45032812499999997 0.151875 0.43565624999999997 0.15167187499999998 0.43040625 0.137828125 0.431453125 0.128171875 0.43165624999999996 0.12775 0.439640625 0.130484375 0.451796875 0.1359375 0.459765625
78 0.15059375 0.45106250000000003 0.15284375 0.46237500000000004 0.155484375 0.4729375 0.155484375 0.481984375 0.15284375 0.483875 0.15059375 0.485375 0.156625 0.48915625 0.16303125000000002 0.486140625 0.16190625 0.48048437499999996 0.158890625 0.47406249999999994 0.15926562500000002 0.46010937500000004 0.164171875 0.454453125 0.1683125 0.440125 0.16604687499999998 0.431453125 0.15171874999999999 0.43371875 0.149828125 0.447671875 0.15059375 0.4503125 0.15059375 0.45106250000000003
26 0.25584375000000004 0.516640625 0.26234375 0.511453125 0.26937500000000003 0.5046875 0.270921875 0.49818749999999995 0.26937500000000003 0.494296875 0.264421875 0.49273437500000006 0.25715625000000003 0.493765625 0.25715625000000003 0.490390625 0.23089062500000002 0.49065624999999996 0.22907812500000002 0.49246875 0.22985937500000003 0.515609375 0.234015625 0.522625 0.254296875 0.5228906249999999 0.25584375000000004 0.516640625
26 0.206984375 0.5255156249999999 0.206796875 0.51375 0.213171875 0.507765625 0.215296875 0.50196875 0.21432812499999998 0.497140625 0.20853125 0.495015625 0.20640624999999999 0.49907812500000004 0.20525000000000002 0.49559375 0.179 0.496953125 0.179390625 0.518375 0.17978125 0.519921875 0.198109375 0.518375 0.206984375 0.5255156249999999
26 0.282109375 0.509265625 0.280671875 0.513390625 0.284796875 0.5137343750000001 0.298921875 0.5130312499999999 0.299453125 0.5099843749999999 0.3035625 0.5098125 0.30660937499999996 0.5078437499999999 0.307671875 0.502125 0.306421875 0.495140625 0.30428125 0.49246875 0.301421875 0.48978124999999995 0.29784375 0.48853125000000003 0.2778125 0.48870312499999996 0.276203125 0.489421875 0.276390625 0.490140625 0.27675 0.494609375 0.27871875 0.497828125 0.2819375 0.503375 0.282109375 0.509265625
26 0.30798437500000003 0.49571875 0.30865624999999997 0.506859375 0.3270625 0.50628125 0.327265625 0.5035624999999999 0.32959375 0.504734375 0.3344375 0.504734375 0.33753125 0.500265625 0.33849999999999997 0.495625 0.335984375 0.487484375 0.333078125 0.485734375 0.32978125 0.48612500000000003 0.3270625 0.48767187500000003 0.32687499999999997 0.48262499999999997 0.30729687499999997 0.48340625 0.307265625 0.4876875 0.309046875 0.490546875 0.30798437500000003 0.49571875
14 0.808015625 0.48754687499999994 0.8601093750000001 0.48643749999999997 0.8694218749999999 0.477125 0.878203125 0.47493749999999996 0.8787499999999999 0.47109375 0.840921875 0.4721875 0.791015625 0.47437500000000005 0.8014374999999999 0.48040625 0.808015625 0.48754687499999994
43 0.5901875000000001 0.48184375 0.5916406249999999 0.524921875 0.6734375 0.527828125 0.66859375 0.48039062499999996 0.5901875000000001 0.48184375
47 0.4775625 0.5550312500000001 0.502234375 0.54475 0.50165625 0.538875 0.431421875 0.53653125 0.42907812500000003 0.543578125 0.43378125 0.570015625 0.4390625 0.5900000000000001 0.46139062500000005 0.5817812499999999 0.46375 0.572078125 0.469328125 0.563265625 0.4775625 0.5550312500000001
78 0.12171875000000001 0.451296875 0.12028125 0.45292187500000003 0.12496875 0.45725 0.12640625 0.45940624999999996 0.126953125 0.46428125 0.127484375 0.4725625 0.12803124999999999 0.4835625 0.126953125 0.48590625000000004 0.12425 0.4868125 0.1224375 0.48717187500000003 0.119015625 0.48878125 0.121 0.490953125 0.123890625 0.49167187500000004 0.12659375 0.49167187500000004 0.12965625 0.49167187500000004 0.134875 0.49148437500000003 0.13379687499999998 0.490046875 0.13379687499999998 0.487890625 0.134875 0.486625 0.135953125 0.48590625000000004 0.13559375 0.48571875000000003 0.133984375 0.48446875 0.13343750000000001 0.48373437499999994 0.133078125 0.4835625 0.12982812500000002 0.4603125 0.130546875 0.4586875 0.131640625 0.45778125000000003 0.13271875 0.45615625 0.13289062499999998 0.45490624999999996 0.13128125 0.45220312500000004 0.130546875 0.44967187500000005 0.12982812500000002 0.446796875 0.1273125 0.43814062500000006 0.12784374999999998 0.4338125 0.12857812500000002 0.43075 0.126953125 0.43020312499999996 0.124609375 0.43003125000000003 0.122265625 0.42984375 0.11973437499999999 0.42967187500000004 0.119015625 0.43020312499999996 0.12064062499999999 0.43309375 0.122078125 0.4415625 0.12315625 0.44606250000000003 0.12315625 0.448234375 0.12171875000000001 0.451296875
78 0.19721875 0.457328125 0.20709375 0.45323437499999997 0.211 0.44503125 0.208390625 0.427890625 0.20187499999999997 0.423796875 0.193484375 0.42640625 0.189015625 0.432546875 0.188265625 0.44690624999999995 0.18621875000000002 0.449703125 0.18678125 0.45043749999999994 0.19125 0.45659375 0.1906875 0.47521874999999997 0.191625 0.483046875 0.20354687500000002 0.48267187500000003 0.19814062500000001 0.47690625000000003 0.19534374999999998 0.47596875 0.19442187500000002 0.46423437500000003 0.19721875 0.457328125
78 0.214515625 0.47521874999999997 0.21153125 0.479015625 0.21370312500000002 0.481453125 0.2183125 0.48171875000000003 0.2231875 0.479015625 0.222375 0.47684375 0.21912500000000001 0.47385937499999997 0.216953125 0.470609375 0.216953125 0.45949999999999996 0.22507812500000002 0.45679687500000005 0.224546875 0.442171875 0.22128125 0.428359375 0.20828125000000003 0.426453125 0.21181250000000001 0.43621875 0.20990625000000002 0.44759374999999996 0.212625 0.4568125 0.21425 0.4619375 0.215328125 0.46953125 0.214515625 0.47521874999999997
26 0.25896875 0.494109375 0.261984375 0.494109375 0.265 0.494109375 0.26915625 0.494859375 0.27028125 0.498625 0.27028125 0.50240625 0.268015625 0.5084375 0.256703125 0.516734375 0.256328125 0.520125 0.264625 0.5197499999999999 0.26953125 0.517484375 0.26990625 0.51446875 0.2740625 0.517109375 0.27971875 0.5152187500000001 0.283109375 0.5084375 0.27932812500000004 0.49675 0.26878125 0.49184374999999997 0.26878125 0.48882812500000006 0.256328125 0.48693749999999997 0.249171875 0.48920312499999996 0.250671875 0.489578125 0.25821875 0.49184374999999997 0.25896875 0.494109375
26 0.8231249999999999 0.3364375 0.806203125 0.33465625 0.801296875 0.33778125000000003 0.8026406250000001 0.3680625 0.825359375 0.364046875 0.8231249999999999 0.34134375 0.8231249999999999 0.3364375
26 0.833015625 0.343515625 0.832234375 0.36398437499999997 0.8552031250000001 0.3649375 0.8559687500000001 0.34390624999999997 0.833015625 0.343515625
26 0.800140625 0.354625 0.79340625 0.3541875 0.7907968750000001 0.355921875 0.79134375 0.366234375 0.79959375 0.367 0.800578125 0.35603125 0.800140625 0.354625
26 0.265265625 0.4520625 0.268734375 0.4641875 0.2739375 0.471984375 0.29300000000000004 0.47024999999999995 0.29300000000000004 0.446 0.281734375 0.443390625 0.266140625 0.44253125000000004 0.265265625 0.4520625
26 0.212484375 0.49409375000000005 0.21526562500000002 0.49790625000000005 0.2145625 0.5065937500000001 0.21004687500000002 0.51353125 0.209015625 0.515609375 0.21560937500000002 0.51734375 0.21560937500000002 0.519078125 0.21560937500000002 0.5208125 0.23156249999999998 0.52115625 0.232953125 0.520125 0.229828125 0.514921875 0.22809374999999998 0.49167187500000004 0.226015625 0.4913125 0.21421874999999999 0.489578125 0.212484375 0.49409375000000005
14 0.790546875 0.458421875 0.7906718749999999 0.46085937499999996 0.7956875 0.4618125 0.796359375 0.462890625 0.8090781249999999 0.46140625 0.83303125 0.45978125 0.8333125000000001 0.458421875 0.836140625 0.457609375 0.835734375 0.455859375 0.8354687500000001 0.455578125 0.791484375 0.457890625 0.790546875 0.458421875
14 0.8781718749999999 0.4675625 0.8608750000000001 0.46878125 0.8470000000000001 0.469515625 0.819234375 0.470484375 0.8041406249999999 0.47000000000000003 0.7892812499999999 0.47121874999999996 0.79415625 0.474140625 0.873046875 0.47145312500000003 0.8774374999999999 0.46975 0.8781718749999999 0.4675625
14 0.877015625 0.461609375 0.875578125 0.461609375 0.86946875 0.46224999999999994 0.851953125 0.463703125 0.825609375 0.46578125000000004 0.79571875 0.467875 0.801984375 0.469796875 0.8693125 0.46803125 0.870109375 0.466265625 0.877015625 0.461609375
14 0.7993125 0.463109375 0.796265625 0.463265625 0.791921875 0.46439062499999995 0.795296875 0.46681249999999996 0.81071875 0.465515625 0.8359375 0.4645625 0.8564999999999999 0.46343750000000006 0.8743437500000001 0.461828125 0.8772343749999999 0.46134375 0.8788281250000001 0.458609375 0.87675 0.457328125 0.804296875 0.46167187500000006 0.7993125 0.463109375
14 0.587078125 0.397328125 0.58740625 0.39635937499999996 0.587875 0.394109375 0.5862812500000001 0.392828125 0.5804843749999999 0.39346875 0.57534375 0.393640625 0.5715 0.3944375 0.567 0.394921875 0.5706875 0.4056875 0.57278125 0.406640625 0.583390625 0.40696875 0.5853125 0.40149999999999997 0.586109375 0.399578125 0.587078125 0.397328125
27 0.6935 0.842375 0.58246875 0.86184375 0.7967500000000001 0.86575 0.777265625 0.86184375 0.6935 0.842375