22 0.283453125 0.3265625 0.26745312499999996 0.331890625 0.26440625 0.34635937499999997 0.26440625 0.35321875 0.26896875 0.353984375 0.35354687500000004 0.35246875 0.33982812500000004 0.33646875 0.3185 0.3265625 0.283453125 0.3265625
22 0.61784375 0.339390625 0.611796875 0.350984375 0.6470625 0.35148437499999996 0.6934218750000001 0.354 0.689890625 0.34846875 0.673265625 0.3283125 0.661171875 0.32378125 0.6208750000000001 0.325796875 0.620375 0.32528125 0.620375 0.329828125 0.61784375 0.339390625
49 0.1870625 0.775125 0.22290625 0.7501875 0.30240625 0.733046875 0.361640625 0.717453125 0.43646874999999996 0.622375 0.48946875 0.662890625 0.459859375 0.692515625 0.388140625 0.796953125 0.42712500000000003 0.81565625 0.526875 0.821890625 0.53 0.80475 0.48946875 0.79384375 0.47543749999999996 0.772015625 0.583 0.651984375 0.508171875 0.535078125 0.511296875 0.521046875 0.53 0.47739062499999996 0.54403125 0.51325 0.561171875 0.588078125 0.579875 0.6114531249999999 0.617296875 0.60834375 0.6328750000000001 0.5724843749999999 0.601703125 0.5506562500000001 0.56896875 0.44154687499999995 0.59859375 0.360484375 0.579875 0.309046875 0.59703125 0.28721874999999997 0.6048281249999999 0.270078125 0.601703125 0.240453125 0.636 0.21551562500000002 0.606375 0.19368749999999998 0.5845625 0.174984375 0.5565 0.173421875 0.5284375 0.18121875 0.495703125 0.20615624999999999 0.495703125 0.240453125 0.5035000000000001 0.277875 0.48946875 0.28878125 0.414640625 0.372953125 0.380359375 0.457125 0.377234375 0.4618125 0.349171875 0.4851875 0.338265625 0.531953125 0.30709375 0.653546875 0.28059375000000003 0.653546875 0.19796875 0.690953125 0.17146875 0.676921875 0.14653125 0.728375 0.137171875 0.800078125 0.14653125 0.8141093749999999 0.16990624999999998 0.81565625 0.1870625 0.775125
49 0.643109375 0.48359375 0.6281875 0.5134218749999999 0.61028125 0.550734375 0.6043125 0.55371875 0.5953593749999999 0.56565625 0.61475 0.568640625 0.61625 0.585046875 0.6043125 0.608921875 0.59834375 0.634296875 0.58640625 0.664140625 0.592375 0.6999375 0.59834375 0.722328125 0.613265625 0.74171875 0.6281875 0.74171875 0.6311718749999999 0.7327656250000001 0.6326562499999999 0.6999375 0.6326562499999999 0.6835312499999999 0.671453125 0.673078125 0.686375 0.673078125 0.693828125 0.673078125 0.705765625 0.711875 0.719203125 0.74321875 0.7221875 0.744703125 0.735609375 0.72978125 0.743078125 0.667109375 0.7385937499999999 0.6551875 0.72815625 0.628328125 0.70428125 0.5820624999999999 0.699796875 0.56565625 0.69234375 0.55221875 0.686375 0.5447656249999999 0.67890625 0.5402812499999999 0.67890625 0.522375 0.6774218750000001 0.501484375 0.6625 0.48657812500000003 0.643109375 0.48359375
49 0.8742656249999999 0.584703125 0.86215625 0.5877343749999999 0.868203125 0.614953125 0.886359375 0.65428125 0.9075312500000001 0.6573125 0.9408125 0.68453125 0.9438281249999999 0.711765625 0.9529062500000001 0.742015625 0.9680312499999999 0.74503125 0.97409375 0.726890625 0.9680312499999999 0.6966249999999999 0.9771093750000001 0.660328125 0.9710625 0.630078125 0.995265625 0.62403125 1 0.5877343749999999 0.9861875 0.557484375 0.9680312499999999 0.5211718750000001 0.9710625 0.51209375 0.9408125 0.475796875 0.9256875000000001 0.48184375 0.9105624999999999 0.515125 0.9135781250000001 0.53328125 0.8954375000000001 0.539328125 0.886359375 0.54840625 0.8742656249999999 0.584703125
49 0.616140625 0.34167187499999996 0.617984375 0.336765625 0.617671875 0.33246875 0.616140625 0.328796875 0.6164531249999999 0.323890625 0.6164531249999999 0.32021875 0.608484375 0.3119375 0.598359375 0.311015625 0.592234375 0.312546875 0.5900937500000001 0.31378125 0.584875 0.3180625 0.5885625 0.32420312500000004 0.589171875 0.326953125 0.5903906250000001 0.3309375 0.592546875 0.338609375 0.592234375 0.35085937500000003 0.61278125 0.351171875 0.614609375 0.34750000000000003 0.616140625 0.34167187499999996
49 0.1285 0.33140625 0.122265625 0.3251875 0.11665624999999999 0.321453125 0.10918749999999999 0.319578125 0.099828125 0.31646874999999997 0.09859375000000001 0.31459375 0.09921875 0.307734375 0.100453125 0.301515625 0.099828125 0.288421875 0.099828125 0.27659375 0.09546875 0.26725 0.088625 0.262265625 0.07553125000000001 0.262265625 0.0655625 0.267859375 0.05996875 0.27346875000000004 0.054984374999999995 0.28531249999999997 0.05559375 0.29465625 0.056843750000000005 0.3065 0.05559375 0.31584375 0.050609375 0.32020312500000003 0.042515625 0.3245625 0.044390625 0.33265625 0.045625 0.338890625 0.045625 0.350109375 0.048125 0.35571875 0.064328125 0.35509375 0.0693125 0.338890625 0.08737500000000001 0.330171875 0.09546875 0.33265625 0.10232812499999999 0.34199999999999997 0.104203125 0.35259375 0.126 0.35384375 0.13471875 0.35259375 0.132234375 0.340140625 0.1285 0.33140625
49 0.038796874999999995 0.31189062500000003 0.017906250000000002 0.313390625 0.002984375 0.3506875 0.017906250000000002 0.35665625 0.050734375 0.35665625 0.050734375 0.349203125 0.044765624999999996 0.337265625 0.038796874999999995 0.31189062500000003
4 0.79415625 0.788109375 0.8057343749999999 0.794171875 0.816203125 0.794171875 0.816203125 0.78590625 0.79084375 0.7539374999999999 0.7594375 0.7181093749999999 0.749515625 0.7109375 0.714234375 0.6795312499999999 0.666828125 0.64921875 0.631 0.62109375 0.61171875 0.60621875 0.60509375 0.610625 0.594625 0.5924375000000001 0.5880156249999999 0.6018125000000001 0.724703125 0.71921875 0.723609375 0.71865625 0.777625 0.7737812500000001 0.79415625 0.788109375
49 0.17675000000000002 0.210546875 0.1816875 0.2149375 0.1844375 0.217140625 0.20418750000000002 0.21878125 0.2069375 0.21110937500000002 0.1970625 0.200671875 0.195953125 0.19134374999999998 0.189921875 0.16875 0.09664062500000001 0.16940625 0.09334375 0.182015625 0.079078125 0.205609375 0.080734375 0.2149375 0.17565625 0.21823437499999998 0.17675000000000002 0.210546875
49 0.075453125 0.206671875 0.08101562500000001 0.19853125 0.08445312499999999 0.1878125 0.0883125 0.185671875 0.090875 0.181390625 0.08915625 0.17625 0.08615625 0.17325 0.081875 0.16896875 0.047593750000000004 0.169828125 0.047593750000000004 0.17625 0.046734375 0.18525 0.0463125 0.189953125 0.040749999999999995 0.191671875 0.029593750000000002 0.19639062499999999 0.023609375 0.20925 0.02403125 0.21823437499999998 0.076734375 0.216953125 0.076734375 0.21395312500000002 0.075453125 0.206671875
49 0.103296875 0.349890625 0.098765625 0.335625 0.083859375 0.333046875 0.068953125 0.338875 0.06442187499999999 0.355078125 0.07090625 0.35571875 0.09812499999999999 0.356375 0.103296875 0.349890625
8 0.9092343749999999 0.663109375 0.902921875 0.650484375 0.900984375 0.64271875 0.900984375 0.637390625 0.900015625 0.633015625 0.899515625 0.62428125 0.8927343750000001 0.621359375 0.8927343750000001 0.614078125 0.882046875 0.610203125 0.882046875 0.59903125 0.883015625 0.582046875 0.8975781250000001 0.5417500000000001 0.8373906249999999 0.544171875 0.839328125 0.55146875 0.842234375 0.5587500000000001 0.8505 0.5854375 0.854859375 0.600484375 0.8563124999999999 0.61796875 0.860203125 0.620390625 0.870390625 0.623796875 0.8762187499999999 0.629609375 0.8776718750000001 0.636890625 0.8776718750000001 0.65340625 0.8776718750000001 0.67815625 0.9140937499999999 0.679125 0.9135937500000001 0.67525 0.9092343749999999 0.663109375
22 0.9692812500000001 0.341890625 0.97328125 0.33923437500000003 0.980265625 0.33090625 0.9922656249999999 0.323578125 0.9772812500000001 0.325578125 0.95628125 0.32890625 0.9556250000000001 0.340890625 0.9499531250000001 0.3435625 0.9496249999999999 0.3485625 0.9496249999999999 0.350546875 0.9672812499999999 0.348890625 0.9692812500000001 0.341890625
22 0.4439375 0.325765625 0.438953125 0.3288125 0.434484375 0.33684375 0.4343125 0.347015625 0.43698437500000004 0.350234375 0.459296875 0.3250625 0.454125 0.3250625 0.4439375 0.325765625
22 0.413875 0.319109375 0.35284375 0.3265625 0.35284375 0.351875 0.35729687499999996 0.35335937500000003 0.43471875000000004 0.34740625 0.413875 0.319109375
22 0.8608281249999999 0.350171875 0.8608281249999999 0.349375 0.8480624999999999 0.33021875 0.8073750000000001 0.32623437499999997 0.806578125 0.35096875 0.8608281249999999 0.350171875
22 0.9273281250000001 0.32246874999999997 0.869 0.321171875 0.86253125 0.34385937499999997 0.8638281250000001 0.350328125 0.88003125 0.348390625 0.878078125 0.32829687500000004 0.92603125 0.32765625 0.9273281250000001 0.32246874999999997
22 0.513625 0.21490625 0.503203125 0.202984375 0.49725 0.185125 0.47045312499999997 0.18065625000000002 0.44215625000000003 0.18065625000000002 0.42876562500000004 0.188109375 0.424296875 0.1940625 0.42728124999999995 0.216390625 0.465984375 0.21787499999999999 0.503203125 0.216390625 0.513625 0.21490625
49 0.707265625 0.308265625 0.6983125 0.33959375 0.717703125 0.35153124999999996 0.807234375 0.35153124999999996 0.7982812499999999 0.31571875 0.772921875 0.296328125 0.77440625 0.266484375 0.7609843749999999 0.25753125 0.74009375 0.260515625 0.743078125 0.27990624999999997 0.743078125 0.30079687499999996 0.707265625 0.308265625
22 0.9468125000000001 0.348921875 0.93634375 0.335390625 0.9254374999999999 0.32623437499999997 0.89359375 0.325796875 0.875703125 0.33146875 0.8796250000000001 0.347609375 0.883125 0.350234375 0.9455 0.35153124999999996 0.9468125000000001 0.348921875
22 0.8545 0.30679687499999997 0.810234375 0.308734375 0.80984375 0.327203125 0.8491093749999999 0.330671875 0.8564375 0.34568750000000004 0.8545 0.30679687499999997
22 0.815828125 0.307921875 0.8720156250000001 0.30643750000000003 0.8724999999999999 0.30003125 0.867578125 0.281796875 0.795609375 0.2808125 0.794625 0.288203125 0.794625 0.303484375 0.8079375000000001 0.307921875 0.815828125 0.307921875
49 0.77234375 0.7008125 0.786078125 0.65790625 0.81696875 0.659625 0.847859375 0.664765625 0.8547343749999999 0.735140625 0.875328125 0.748859375 0.889046875 0.666484375 0.8770468749999999 0.625296875 0.8495781250000001 0.5703750000000001 0.8272656250000001 0.537765625 0.8032343750000001 0.491421875 0.782640625 0.467390625 0.762046875 0.518875 0.7500312499999999 0.553203125 0.722578125 0.5703750000000001 0.734578125 0.63215625 0.743171875 0.67334375 0.744890625 0.7557343750000001 0.7551875 0.7522968750000001 0.77234375 0.7454375 0.77234375 0.7008125
49 0.26306250000000003 0.351984375 0.26540625 0.34871875 0.26540625 0.34357812499999996 0.26540625 0.337515625 0.26634375 0.332375 0.268203125 0.32678124999999997 0.26960937500000004 0.323046875 0.268203125 0.3193125 0.26634375 0.3165 0.260734375 0.31090625 0.255125 0.30670312499999997 0.24718749999999998 0.304375 0.24300000000000002 0.304828125 0.23739062500000002 0.304828125 0.23224999999999998 0.307171875 0.22945312499999998 0.30903125 0.22525 0.312765625 0.222453125 0.3174375 0.22151562500000002 0.323046875 0.222921875 0.328640625 0.223390625 0.332375 0.22478125000000002 0.338921875 0.22898437500000002 0.344046875 0.23132812500000002 0.34825 0.23271875 0.35339062499999996 0.25653125 0.3561875 0.25840625 0.35339062499999996 0.26306250000000003 0.351984375