51 0.84128125 0.299796875 0.85646875 0.264390625 0.84296875 0.24415625 0.824421875 0.24584375 0.824421875 0.2795625 0.8075625000000001 0.2863125 0.78565625 0.277875 0.7772187500000001 0.2829375 0.765421875 0.31159375 0.765421875 0.328453125 0.767109375 0.3419375 0.77553125 0.35543749999999996 0.800828125 0.362171875 0.824421875 0.362171875 0.8648906249999999 0.357109375 0.869953125 0.34700000000000003 0.8783749999999999 0.333515625 0.8868124999999999 0.33014062499999997 0.866578125 0.30653125000000003 0.84128125 0.299796875
26 0.44303125000000004 0.7425312500000001 0.45109374999999996 0.72703125 0.459140625 0.7171093749999999 0.45481249999999995 0.68859375 0.44551562499999997 0.671859375 0.433109375 0.6780625 0.42009375000000004 0.6923125 0.400875 0.721453125 0.38660937500000003 0.729515625 0.3915625 0.72828125 0.399015625 0.741296875 0.40645312499999997 0.7474999999999999 0.43001562499999996 0.7499687500000001 0.44303125000000004 0.7425312500000001
26 0.346640625 0.8526718750000001 0.343296875 0.7605625 0.32487499999999997 0.750515625 0.306453125 0.747171875 0.286359375 0.7538750000000001 0.27296875 0.7672656250000001 0.277984375 0.8191875 0.2846875 0.8643906250000001 0.289703125 0.8734375 0.35334374999999996 0.8734375 0.35167187499999997 0.8526718750000001 0.346640625 0.8526718750000001
26 0.7084374999999999 0.48023437500000005 0.716796875 0.466859375 0.715125 0.435109375 0.69675 0.4334375 0.68171875 0.4334375 0.685046875 0.44681249999999995 0.685046875 0.4585 0.688390625 0.47689062499999996 0.691734375 0.48023437500000005 0.7084374999999999 0.48023437500000005
61 0.160453125 0.8446093749999999 0.179328125 0.853 0.20009375000000001 0.863921875 0.21814062500000003 0.8731406249999999 0.232203125 0.873359375 0.228421875 0.87084375 0.20995312500000002 0.8592968750000001 0.188140625 0.8477656250000001 0.173671875 0.8355937499999999 0.166734375 0.8309843750000001 0.159390625 0.83265625 0.153109375 0.8364375000000001 0.15415625 0.84146875 0.160453125 0.8446093749999999
61 0.5781562499999999 0.6581718750000001 0.581859375 0.663734375 0.581859375 0.668671875 0.645421875 0.7266874999999999 0.64728125 0.7266874999999999 0.66209375 0.7408750000000001 0.6645625 0.7408750000000001 0.672578125 0.74890625 0.6744375 0.7600156250000001 0.6793750000000001 0.781609375 0.68678125 0.799515625 0.712703125 0.801359375 0.7435625 0.799515625 0.757765625 0.796421875 0.749125 0.779765625 0.742328125 0.772359375 0.722578125 0.761859375 0.6917187499999999 0.750140625 0.668875 0.7359375 0.643578125 0.705078125 0.59296875 0.65446875 0.5905 0.65446875 0.5849375 0.651390625 0.581859375 0.651390625 0.58 0.653859375 0.5781562499999999 0.6581718750000001
14 0.68478125 0.846578125 0.721703125 0.84490625 0.750234375 0.843234375 0.758625 0.8348281249999999 0.77540625 0.81134375 0.800578125 0.7878437500000001 0.8190468750000001 0.757625 0.8072968749999999 0.710640625 0.691484375 0.656921875 0.600859375 0.682109375 0.59246875 0.68378125 0.582390625 0.6888124999999999 0.5740000000000001 0.703921875 0.577359375 0.737484375 0.5891093749999999 0.7609843749999999 0.605890625 0.77440625 0.612609375 0.7878437500000001 0.6445000000000001 0.83315625 0.651203125 0.8381875000000001 0.667984375 0.84490625 0.68478125 0.846578125
57 0.671390625 0.4295625 0.5428124999999999 0.42006249999999995 0.5735 0.48215624999999995 0.63559375 0.48507812499999997 0.658984375 0.48507812499999997 0.663359375 0.48507812499999997 0.671390625 0.4295625
41 0.17646875 0.72865625 0.172140625 0.7248125 0.15103125 0.774234375 0.16207812500000002 0.770875 0.18365625000000002 0.73921875 0.17646875 0.72865625
32 0.26390625 0.67053125 0.237953125 0.657328125 0.21201562499999999 0.65921875 0.1955 0.660625 0.183234375 0.6776093750000001 0.20400000000000001 0.682328125 0.22332812500000002 0.6776093750000001 0.23371875000000003 0.6804375 0.25871875 0.6837500000000001 0.304 0.698375 0.310125 0.690828125 0.277109375 0.6795 0.26390625 0.67053125
41 0.668890625 0.299578125 0.679609375 0.27734375 0.6760937499999999 0.27749999999999997 0.664734375 0.30070312499999996 0.666015625 0.306296875 0.668734375 0.30485937500000004 0.668890625 0.299578125
47 1 0.46403125 0.977328125 0.477375 0.9479843750000001 0.47871874999999997 0.9186249999999999 0.46803125 0.90928125 0.4506875 0.8799374999999999 0.440015625 0.8705937499999999 0.46403125 0.8599218750000001 0.47204687500000003 0.815890625 0.47204687500000003 0.78653125 0.45203125 0.775859375 0.4426875 0.78253125 0.49339062499999997 0.771859375 0.49871875 0.767859375 0.5347500000000001 1 0.540078125 1 0.46403125
49 0.16514062499999999 0.548 0.16259375 0.56453125 0.161828125 0.570140625 0.1715 0.593796875 0.1898125 0.63628125 0.19809375 0.653640625 0.2074375 0.668828125 0.21503125 0.690453125 0.222625 0.700390625 0.23190624999999998 0.754625 0.23884375000000002 0.773140625 0.256203125 0.792796875 0.288203125 0.807453125 0.296296875 0.8155468750000001 0.31056249999999996 0.8217187499999999 0.31634375000000003 0.8155468750000001 0.327140625 0.820171875 0.339484375 0.820171875 0.3375625 0.8070625 0.341796875 0.803984375 0.348734375 0.795890625 0.347203125 0.772359375 0.35335937500000003 0.770046875 0.36878125 0.7615624999999999 0.38190625 0.7523125 0.390859375 0.7260156249999999 0.41121875 0.705921875 0.42012499999999997 0.695234375 0.428515625 0.6779375 0.440734375 0.671078125 0.44709374999999996 0.675390625 0.453703125 0.6870937500000001 0.46082812500000003 0.702609375 0.511453125 0.7069375 0.51653125 0.7054218750000001 0.51425 0.676921875 0.5061093750000001 0.649203125 0.507625 0.645125 0.54196875 0.630875 0.54578125 0.627578125 0.577078125 0.6018749999999999 0.597171875 0.5906875 0.597171875 0.582296875 0.595140625 0.5688125 0.593359375 0.557359375 0.5880156249999999 0.52021875 0.571984375 0.47874999999999995 0.55775 0.449 0.553671875 0.43729687500000003 0.542984375 0.40345312499999997 0.521875 0.377515625 0.510421875 0.368359375 0.45625 0.35334374999999996 0.4565 0.345453125 0.46253124999999995 0.31475 0.466390625 0.309359375 0.46678125000000004 0.26540625 0.458671875 0.21990625000000003 0.452125 0.19329687499999998 0.439265625 0.170703125 0.423234375 0.156203125 0.38253125 0.148828125 0.359640625 0.151890625 0.327578125 0.16409374999999998 0.311296875 0.18215625 0.298328125 0.21345312500000002 0.2975625 0.24626562500000002 0.302140625 0.269671875 0.30596875 0.280859375 0.315875 0.30171875 0.3186875 0.308328125 0.32275 0.322578125 0.310546875 0.33275 0.29679687499999996 0.335046875 0.2754375 0.33834375 0.26296875000000003 0.34750000000000003 0.242625 0.376 0.22328125000000001 0.398390625 0.22278125000000001 0.404234375 0.22379687499999998 0.414921875 0.22009375000000003 0.428234375 0.203125 0.454453125 0.186765625 0.48237500000000005 0.17303125 0.5177343750000001 0.16514062499999999 0.548