14 0.4218125 0.8180624999999999 0.4218125 0.8477656250000001 0.42818750000000005 0.8605 0.43771875 0.87109375 0.450453125 0.8795781249999999 0.45151562500000003 0.8679218750000001 0.45575 0.8573124999999999 0.4631875 0.844578125 0.4631875 0.8350312499999999 0.46848437499999995 0.8233750000000001 0.47590625 0.8201875 0.482265625 0.814890625 0.49074999999999996 0.8127656249999999 0.501359375 0.811703125 0.51409375 0.8106406249999999 0.5246875 0.8127656249999999 0.539546875 0.8201875 0.54803125 0.8297343749999999 0.54803125 0.848828125 0.5565156250000001 0.8679218750000001 0.562875 0.896546875 0.571359375 0.89125 0.590453125 0.8679218750000001 0.6031718749999999 0.8573124999999999 0.62015625 0.8360937500000001 0.625453125 0.827609375 0.6371249999999999 0.819125 0.644546875 0.80215625 0.640296875 0.793671875 0.635 0.782015625 0.624390625 0.77353125 0.61271875 0.7639843749999999 0.6010625 0.7555 0.58090625 0.7480625 0.553328125 0.742765625 0.539546875 0.742765625 0.522578125 0.749125 0.503484375 0.7555 0.495 0.747015625 0.48015625 0.745953125 0.467421875 0.747015625 0.45364062499999996 0.753375 0.44303125000000004 0.7639843749999999 0.43771875 0.77246875 0.425 0.7767031249999999 0.4218125 0.788375 0.4218125 0.796859375 0.4218125 0.8180624999999999
77 0.39115625 0.44632812499999996 0.364890625 0.47257812499999996 0.32987500000000003 0.50234375 0.305359375 0.49884375 0.305359375 0.47959375 0.336875 0.4270625 0.27384375 0.4288125 0.27209374999999997 0.467328125 0.27034375 0.50409375 0.27209374999999997 0.60215625 0.26859375 0.9050625 0.298359375 0.9365781249999999 0.363140625 0.95059375 0.427921875 0.95759375 0.427921875 0.859546875 0.42967187500000004 0.8105156250000001 0.424421875 0.71596875 0.41917187499999997 0.4323125 0.41742187499999994 0.4270625 0.39990625 0.43581250000000005 0.39115625 0.44632812499999996
46 0.581171875 0.767859375 0.57653125 0.758140625 0.5686718749999999 0.7424062499999999 0.55525 0.7419374999999999 0.535359375 0.747953125 0.519171875 0.752578125 0.51315625 0.770625 0.5168437499999999 0.79515625 0.523796875 0.797921875 0.54246875 0.803890625 0.5700624999999999 0.8002343749999999 0.580703125 0.782203125 0.581171875 0.767859375
46 0.432515625 0.820171875 0.43503125000000004 0.82340625 0.44837499999999997 0.8259375 0.45918749999999997 0.8280937500000001 0.470734375 0.818359375 0.486953125 0.813671875 0.499203125 0.81115625 0.5028125 0.805390625 0.497765625 0.792765625 0.48875 0.78446875 0.486234375 0.781953125 0.482984375 0.77690625 0.479375 0.7736562499999999 0.46712499999999996 0.774375 0.459546875 0.774375 0.44368749999999996 0.7815937500000001 0.435765625 0.793484375 0.43395312500000005 0.8133125 0.432515625 0.820171875
46 0.503015625 0.772421875 0.504015625 0.770921875 0.504515625 0.763875 0.502515625 0.75734375 0.497984375 0.750296875 0.4894375 0.744765625 0.48139062499999996 0.742765625 0.47384375 0.745265625 0.45373437499999997 0.7518125 0.443171875 0.762875 0.43865625 0.777453125 0.45575 0.772421875 0.477375 0.7744375 0.48440625 0.77896875 0.49245312500000005 0.7734375 0.497484375 0.772921875 0.503015625 0.772421875
46 0.5406875 0.817375 0.549 0.8274687500000001 0.55671875 0.8304375 0.5543437499999999 0.8244999999999999 0.549 0.8108437500000001 0.549 0.8102499999999999 0.5406875 0.80371875 0.53059375 0.8007500000000001 0.5205 0.8007500000000001 0.51278125 0.8019375 0.50625 0.8043125 0.5015 0.8114375 0.52940625 0.8161875000000001 0.5406875 0.817375
46 0.5812968749999999 0.775828125 0.57746875 0.78434375 0.5885312500000001 0.788171875 0.594921875 0.7932812499999999 0.60003125 0.80053125 0.611515625 0.7966875 0.617484375 0.789875 0.618765625 0.778390625 0.61365625 0.763484375 0.594921875 0.75625 0.576609375 0.752421875 0.5761875 0.7605000000000001 0.5804375 0.768171875 0.5812968749999999 0.775828125
13 0.56640625 0.95584375 0.556015625 0.916890625 0.556015625 0.9038906250000001 0.54821875 0.8831093750000001 0.54821875 0.8675312500000001 0.550828125 0.8311718750000001 0.5430312500000001 0.8285781249999999 0.5248437499999999 0.8285781249999999 0.50146875 0.8285781249999999 0.49107812500000003 0.8311718750000001 0.467703125 0.8337656250000001 0.467703125 0.8545468749999999 0.467703125 0.86234375 0.45990624999999996 0.875328125 0.45471874999999995 0.8935000000000001 0.45471874999999995 0.929875 0.4573125 0.9428593749999999 0.462515625 0.963640625 0.462515625 0.97403125 0.550828125 0.984421875 0.556015625 0.9818125 0.56640625 0.95584375
46 0.50109375 0.77040625 0.50390625 0.77471875 0.515609375 0.775890625 0.5194687499999999 0.764921875 0.5248125 0.75646875 0.534296875 0.7466875 0.534734375 0.745203125 0.5234687499999999 0.74684375 0.5194687499999999 0.74728125 0.51384375 0.750390625 0.5083593750000001 0.755140625 0.5045 0.7598906249999999 0.5019843749999999 0.766109375 0.501234375 0.7678906249999999 0.50109375 0.77040625
46 0.6019687499999999 0.8008749999999999 0.596359375 0.79184375 0.5892031249999999 0.786234375 0.58140625 0.784359375 0.5761093749999999 0.785296875 0.566453125 0.7986875 0.5602343750000001 0.80771875 0.557421875 0.813328125 0.557125 0.8195625 0.557125 0.8270312499999999 0.558984375 0.8270312499999999 0.58296875 0.8239218749999999 0.595421875 0.820484375 0.60290625 0.817375 0.6019687499999999 0.8008749999999999
46 0.483984375 0.777953125 0.493828125 0.7892812499999999 0.5041562500000001 0.805515625 0.520890625 0.799125 0.513015625 0.774015625 0.49628125 0.7710625 0.483984375 0.777953125
46 0.42384374999999996 0.8200156249999999 0.431265625 0.8233124999999999 0.43209375000000005 0.8233124999999999 0.43375 0.8070937499999999 0.43621875 0.79196875 0.44117187500000005 0.784546875 0.443921875 0.78125 0.45298437500000005 0.776015625 0.46839062499999995 0.773546875 0.4675625 0.773 0.46535937499999996 0.77271875 0.454359375 0.7732812499999999 0.44117187500000005 0.77575 0.43209375000000005 0.784265625 0.42440625 0.796921875 0.42440625 0.798015625 0.42303125 0.8046093750000001 0.42384374999999996 0.8200156249999999
27 0.772359375 0.86134375 0.7376875 0.8664687499999999 0.6863125 0.858765625 0.688890625 0.8394999999999999 0.67090625 0.804828125 0.6477968749999999 0.800984375 0.64009375 0.8228125000000001 0.61440625 0.83309375 0.58871875 0.8793124999999999 0.5630468750000001 0.901140625 0.56046875 0.967921875 0.5425 0.978203125 0.49498437500000003 0.98846875 0.459015625 0.9730624999999999 0.44746874999999997 0.9358124999999999 0.45131249999999995 0.8805937500000001 0.42178125 0.8562031250000001 0.42564062500000005 0.919125 0.42948437500000003 0.9537968749999999 0.406375 0.95765625 0.383265625 0.9627812499999999 0.35757812499999997 0.9473750000000001 0.37684375000000003 0.9692031249999999 0.33959375 0.9897500000000001 0.8288593750000001 0.99875 0.83359375 0.772734375 0.798046875 0.80740625 0.7775000000000001 0.8394999999999999 0.772359375 0.8510624999999999 0.772359375 0.86134375
26 0.77978125 0.834046875 0.793578125 0.8147343749999999 0.79909375 0.7968124999999999 0.8197812499999999 0.784390625 0.830828125 0.7595625 0.83359375 0.725078125 0.801859375 0.715421875 0.793578125 0.723703125 0.77978125 0.7209375 0.735640625 0.722328125 0.703921875 0.7181875 0.6818593749999999 0.703015625 0.6680625 0.6975 0.6515 0.705765625 0.643234375 0.7209375 0.65840625 0.7375 0.66115625 0.7568125 0.6735781249999999 0.8161250000000001 0.6818593749999999 0.8409531250000001 0.6873750000000001 0.860265625 0.69840625 0.8630156250000001 0.7094375 0.8643906250000001 0.742546875 0.871296875 0.76046875 0.8768125 0.774265625 0.860265625 0.77978125 0.834046875