49 0.869390625 0.017828125 0.79315625 0.006609375000000001 0.7864375 0.008859375 0.7841875 0.035765625 0.797640625 0.087328125 0.797640625 0.13890625 0.797640625 0.275671875 0.804375 0.325 0.8133437499999999 0.327234375 0.8380000000000001 0.354140625 0.8671562500000001 0.345171875 0.8671562500000001 0.32051562499999997 0.869390625 0.017828125
36 0.291296875 0.8471875000000001 0.291296875 0.8494375 0.30478125 0.9011250000000001 0.3295 0.97753125 0.47106250000000005 0.9842656249999999 0.54971875 0.97753125 0.54521875 0.9213437499999999 0.5789375 0.905625 0.5699375 0.8516875 0.536234375 0.8449375 0.54521875 0.82246875 0.50478125 0.8112343750000001 0.493546875 0.660671875 0.44859375 0.640453125 0.39465625000000004 0.67640625 0.3295 0.7955 0.3295 0.793265625 0.309265625 0.8112343750000001 0.291296875 0.8471875000000001
36 0.5310312500000001 0.816015625 0.5336093749999999 0.851515625 0.55296875 0.85603125 0.5600625 0.8143125 0.52909375 0.70396875 0.46584375 0.716875 0.461328125 0.707828125 0.43875000000000003 0.6994374999999999 0.412921875 0.7149375 0.33614062499999997 0.72009375 0.322578125 0.751078125 0.31290625 0.7588125 0.31678125 0.8078593749999999 0.3219375 0.8134375 0.472953125 0.8115 0.5310312500000001 0.816015625
64 0.776515625 0.4501875 0.785265625 0.378390625 0.787015625 0.27859375000000003 0.769515625 0.21381250000000002 0.767765625 0.17879687500000002 0.708234375 0.180546875 0.613671875 0.205046875 0.6276875000000001 0.21381250000000002 0.610171875 0.48520312499999996 0.652203125 0.585 0.7712656250000001 0.5780000000000001 0.776515625 0.4501875
2 0.43415625 0 0.43714062499999995 0.02353125 0.440125 0.042171875 0.44907812500000005 0.081703125 0.46473437500000003 0.18315625 0.4721875 0.191359375 0.5109843749999999 0.190609375 0.540078125 0.18240625 0.5587187499999999 0.1764375 0.567671875 0.15853124999999998 0.557234375 0.12050000000000001 0.52240625 0.01103125 0.51321875 0 0.440125 0 0.43415625 0
2 0.5609531249999999 0.401171875 0.557234375 0.48896875 0.6055937499999999 0.490453125 0.6234531249999999 0.41382812500000005 0.6234531249999999 0.38346874999999997 0.620484375 0.33585937499999996 0.588484375 0.286015625 0.5609531249999999 0.291328125 0.546828125 0.358296875 0.5609531249999999 0.401171875
64 0.56396875 0.5922031249999999 0.558765625 0.40259375000000003 0.5431874999999999 0.392203125 0.5094218749999999 0.407796875 0.45487500000000003 0.43376562500000004 0.34578125000000004 0.4415625 0.348375 0.46234374999999994 0.33018749999999997 0.483109375 0.32759375 0.696109375 0.52240625 0.6935 0.56396875 0.5922031249999999
64 0.694140625 0.102421875 0.6874374999999999 0.09573437500000001 0.6874374999999999 0.109125 0.6567968750000001 0.11582812499999999 0.65009375 0.136890625 0.635734375 0.18571875 0.6328750000000001 0.20198437500000002 0.6395625 0.19815624999999998 0.7247656250000001 0.17709375 0.7295625 0.153171875 0.72859375 0.12157812500000001 0.694140625 0.102421875
64 0.53271875 0.21154687499999997 0.53334375 0.218484375 0.55671875 0.21659375 0.569984375 0.217234375 0.582609375 0.22228124999999999 0.59840625 0.242484375 0.605359375 0.265859375 0.609140625 0.27975 0.61925 0.29870312499999996 0.6224062499999999 0.259546875 0.620515625 0.22796875 0.61609375 0.20270312499999998 0.608515625 0.195125 0.5895625 0.1900625 0.5649375 0.1900625 0.549765625 0.20206249999999998 0.5421875 0.2008125 0.53271875 0.21154687499999997
64 0.48525 0.202765625 0.47131249999999997 0.20218750000000002 0.471890625 0.24403125 0.46665625000000005 0.25392187499999996 0.385875 0.28065625 0.367859375 0.247515625 0.349265625 0.2835625 0.35157812499999996 0.321328125 0.452125 0.264953125 0.5085 0.25159375 0.611953125 0.2975 0.620671875 0.2975 0.58696875 0.226015625 0.5549999999999999 0.214390625 0.48409375 0.22718750000000001 0.48525 0.202765625
64 0.628890625 0.187015625 0.6315000000000001 0.010390625 0.52240625 0.010390625 0.576953125 0.10389062499999999 0.628890625 0.187015625