58 0.38660937500000003 0.500671875 0.400890625 0.51 0.39903125 0.511234375 0.397171875 0.516203125 0.40276562499999996 0.5186875 0.40648437499999995 0.5174531250000001 0.407109375 0.51434375 0.40896875 0.515578125 0.42015624999999995 0.520546875 0.44810937500000003 0.5354687499999999 0.462390625 0.54353125 0.462390625 0.547890625 0.466734375 0.5503750000000001 0.46860937500000005 0.547890625 0.46921875 0.546640625 0.47543749999999996 0.549125 0.48971875000000004 0.547265625 0.50090625 0.542296875 0.50090625 0.536078125 0.48103125 0.526140625 0.4555625 0.51371875 0.41518750000000004 0.49384375 0.390953125 0.481421875 0.38660937500000003 0.480171875 0.3835 0.49384375 0.38660937500000003 0.500671875
49 0.4006875 0.481828125 0.478359375 0.518921875 0.48067187499999997 0.544421875 0.494578125 0.510796875 0.48415625 0.500375 0.45053124999999994 0.48529687499999996 0.4771875 0.45864062499999997 0.478359375 0.436609375 0.47371875 0.411109375 0.43546874999999996 0.372859375 0.43198437500000003 0.37170312499999997 0.41576562499999997 0.36590625 0.39837500000000003 0.36821875 0.39025 0.374015625 0.38678124999999997 0.385609375 0.37403125 0.39835937499999996 0.37403125 0.42270312499999996 0.394890625 0.430828125 0.396046875 0.454 0.4006875 0.481828125
49 0.5845312500000001 0.33532812500000003 0.5788593750000001 0.32832812499999997 0.5751875 0.32365625 0.57653125 0.31465624999999997 0.5731875 0.30196875 0.566515625 0.297640625 0.5588437500000001 0.302640625 0.5565156250000001 0.31765625000000003 0.5565156250000001 0.32165625000000003 0.5505 0.32565625 0.544171875 0.33532812500000003 0.543171875 0.349015625 0.539828125 0.36503125000000003 0.542828125 0.37203125 0.558515625 0.371375 0.5751875 0.36803125 0.57653125 0.37003125 0.579203125 0.37003125 0.58053125 0.35334374999999996 0.5845312500000001 0.35168750000000004 0.5858749999999999 0.34334375 0.5845312500000001 0.33532812500000003
49 0.25798437500000004 0.412984375 0.25384375000000003 0.4369375 0.25671875 0.46120312500000005 0.25415625 0.46792187500000004 0.2611875 0.47015624999999994 0.275875 0.46759375 0.281625 0.46759375 0.2905625 0.466953125 0.291203125 0.46504687499999997 0.291203125 0.45896875000000004 0.291515625 0.45162500000000005 0.29790625 0.41459375 0.2991875 0.40787500000000004 0.304296875 0.395421875 0.30843750000000003 0.388078125 0.317390625 0.381375 0.320890625 0.36317187500000003 0.321859375 0.358390625 0.320890625 0.353921875 0.320890625 0.352953125 0.319296875 0.35168750000000004 0.31770312500000003 0.34465625 0.316109375 0.335078125 0.31259375 0.32709375 0.300140625 0.321984375 0.30078125 0.3200625 0.3026875 0.315921875 0.29885937500000004 0.306984375 0.291515625 0.30378125 0.2848125 0.306015625 0.28385937499999997 0.308890625 0.282578125 0.318796875 0.282265625 0.32421875 0.27715625 0.32709375 0.26725 0.33859374999999997 0.2583125 0.355515625 0.2583125 0.36253125 0.26756250000000004 0.370515625 0.266296875 0.37115624999999997 0.26565625000000004 0.38296874999999997 0.25798437500000004 0.412984375
49 0.842359375 0.34215625 0.8343281250000001 0.34421875 0.830890625 0.35225 0.8329531250000001 0.359140625 0.8279062500000001 0.37153125 0.8258281249999999 0.381625 0.8246874999999999 0.388046875 0.8591093750000001 0.387828125 0.855890625 0.362359375 0.847640625 0.35684375 0.84809375 0.345375 0.842359375 0.34215625
49 0.90025 0.3415 0.8952031249999999 0.35290625000000003 0.893890625 0.391109375 0.911671875 0.39045312499999996 0.913640625 0.38671875 0.913421875 0.3616875 0.929671875 0.355328125 0.9340624999999999 0.330296875 0.93384375 0.320640625 0.927921875 0.31734375 0.9217656249999999 0.3193125 0.91715625 0.32414062499999996 0.910796875 0.32809374999999996 0.9046406250000001 0.33468749999999997 0.90025 0.3415
49 0.8046093750000001 0.390265625 0.818484375 0.38159375 0.8236874999999999 0.36389062499999997 0.82334375 0.357984375 0.8216093750000001 0.350703125 0.815015625 0.34757812499999996 0.813625 0.34271875 0.8125937499999999 0.33578125000000003 0.807390625 0.331265625 0.8035625 0.330921875 0.794546875 0.33265625 0.7928124999999999 0.3354375 0.790734375 0.3430625 0.7914218749999999 0.34584375 0.791765625 0.35278125 0.788640625 0.35625 0.782046875 0.363546875 0.7740781250000001 0.375 0.777546875 0.380546875 0.7865624999999999 0.38540625 0.8046093750000001 0.390265625
49 0.641796875 0.34190624999999997 0.63928125 0.326796875 0.631953125 0.32428124999999997 0.626234375 0.3251875 0.62325 0.329765625 0.621421875 0.342828125 0.61203125 0.352671875 0.608375 0.36090625 0.6063125 0.37190625 0.6502656250000001 0.376484375 0.6539375 0.376703125 0.6511875 0.36434375 0.641796875 0.34190624999999997
49 0.6740625 0.34187500000000004 0.6771874999999999 0.32971875 0.67303125 0.325203125 0.6664375 0.323828125 0.6598437500000001 0.32659375 0.655671875 0.32971875 0.655671875 0.34290625 0.647 0.354015625 0.655328125 0.37692187499999996 0.6771874999999999 0.377953125 0.6872499999999999 0.36720312499999996 0.674765625 0.34534375 0.6740625 0.34187500000000004
49 0.7734687499999999 0.3700625 0.7730625 0.3655625 0.7718281250000001 0.359 0.768546875 0.352453125 0.764859375 0.346296875 0.761984375 0.3434375 0.761984375 0.33523437500000003 0.75584375 0.32909375 0.750921875 0.32621875 0.743140625 0.324578125 0.739859375 0.32990624999999996 0.7365781250000001 0.33728125000000003 0.736984375 0.342609375 0.736984375 0.34753124999999996 0.729609375 0.3545 0.73125 0.3803125 0.77428125 0.38278124999999996 0.7734687499999999 0.3700625
49 0.34195312499999997 0.296140625 0.322796875 0.289296875 0.3200625 0.29065625 0.31390625 0.306390625 0.31253125000000004 0.33171875 0.31390625 0.354296875 0.31321875 0.378234375 0.29953124999999997 0.41518750000000004 0.29884374999999996 0.41792187500000005 0.35290625000000003 0.41723437499999994 0.35290625000000003 0.341296875 0.348109375 0.31871875 0.33990624999999997 0.315296875 0.34195312499999997 0.296140625
49 0.42251562500000006 0.363625 0.41140625000000003 0.363625 0.41209375000000004 0.354359375 0.41789062499999996 0.34371874999999996 0.41001562500000005 0.33353125 0.408859375 0.32751562500000003 0.4063125 0.31871875 0.400296875 0.316171875 0.3954375 0.31871875 0.393578125 0.32728125 0.379921875 0.34395312499999997 0.377375 0.355984375 0.38084375000000004 0.361765625 0.38803125 0.35853125 0.390578125 0.371953125 0.393125 0.369875 0.40793749999999995 0.36640625 0.41117187499999996 0.365703125 0.42182812500000005 0.3675625 0.42251562500000006 0.363625
49 0.50078125 0.304390625 0.5002187499999999 0.312796875 0.49909375 0.334609375 0.497421875 0.356984375 0.50134375 0.362015625 0.51084375 0.35475 0.52315625 0.358109375 0.524265625 0.358109375 0.5371406249999999 0.36034375 0.5393749999999999 0.35475 0.5388124999999999 0.346921875 0.53434375 0.344671875 0.5354687499999999 0.343 0.53378125 0.330125 0.526515625 0.31334375 0.515328125 0.30328125 0.514203125 0.293203125 0.508609375 0.28650000000000003 0.50525 0.285375 0.503015625 0.2859375 0.5018906249999999 0.2848125 0.5018906249999999 0.287609375 0.50078125 0.304390625
49 0.448125 0.33014062499999997 0.4490625 0.316078125 0.44343750000000004 0.311078125 0.432796875 0.312953125 0.42935937500000004 0.322640625 0.431859375 0.329828125 0.423734375 0.334203125 0.420609375 0.342953125 0.41685937500000003 0.34357812499999996 0.411234375 0.364515625 0.4453125 0.36701562499999996 0.46281249999999996 0.360453125 0.45843749999999994 0.336703125 0.448125 0.33014062499999997
49 0.0375 0.484375 0.0421875 0.478125 0.0390625 0.4125 0.04119318125 0.4017045453125 0.0345486109375 0.395659721875 0.0416666671875 0.3919270828125 0.0456912875 0.39280302968749997 0.05018939375 0.38390151562499997 0.055902778125 0.38446180625 0.07725694375 0.3732638890625 0.14933035781249998 0.369866071875 0.15 0.3953125 0.146875 0.4421875 0.1511363640625 0.44801136406250003 0.14375 0.4625 0.14375 0.471875 0.15 0.48125 0.159375 0.48125 0.1640625 0.475 0.165625 0.4671875 0.175 0.4671875 0.178125 0.4765625 0.1859375 0.484375 0.1953125 0.484375 0.2 0.478125 0.2 0.46875 0.1953125 0.4609375 0.1859375 0.4109375 0.17329545468750002 0.4045454546875 0.184375 0.3828125 0.184375 0.3703125 0.1875 0.3703125 0.2 0.35625 0.1984375 0.3421875 0.194140625 0.334375 0.2109375 0.33187500000000003 0.45625 0.3359375 0.459375 0.3421875 0.4625 0.3625 0.4671875 0.3671875 0.4890625 0.3671875 0.496875 0.3578125 0.4984375 0.3359375 0.5838541671875 0.3416666671875 0.5828125 0.359375 0.590625 0.365625 0.5984375 0.3765625 0.609375 0.359375 0.609375 0.3765625 0.6796875 0.3546875 0.696875 0.371875 0.7109375 0.3765625 0.7265625 0.3765625 0.7296875 0.3734375 0.7296875 0.3546875 0.7328125 0.3515625 0.7328125 0.3453125 0.7625 0.3453125 0.76875 0.353125 0.7734375 0.3671875 0.7796875 0.3671875 0.790625 0.353125 0.79375 0.334375 0.7984375 0.3328125 0.8015625 0.3265625 0.821875 0.33125 0.821875 0.346875 0.8265625 0.3515625 0.83125 0.3515625 0.8375 0.34375 0.871875 0.35 0.86875 0.365625 0.86875 0.3828125 0.8734375 0.3875 0.8921875 0.3875 0.8921875 0.36124999999999996 0.9140625 0.3625 0.921875 0.359375 0.927734375 0.365234375 0.9216145828125001 0.3658854171875 0.9140625 0.38125 0.925 0.38125 0.92421875 0.384375 0.934375 0.3875 0.9546875 0.3890625 0.959375 0.3828125 0.96875 0.384375 0.97265625 0.38671875 0.96875 0.39375 0.9734375 0.3984375 0.990625 0.3984375 0.996875 0.390625 0.9953125 0.3578125 0.9921875 0.3546875 0.9828125 0.3546875 0.978125 0.359375 0.975 0.36770833281250004 0.9673828125 0.36868489531250004 0.95625 0.35 0.9578125 0.3458333328125 0.95390625 0.3466145828125 0.9494140625 0.3392578125 0.9567708328125001 0.33680555624999997 0.9546875 0.31875 0.95 0.3125 0.940625 0.3125 0.9359375 0.3171875 0.9404296875 0.3245442703125 0.9345703125 0.3251953125 0.928125 0.3203125 0.8890625 0.3359375 0.8875 0.3375 0.88125 0.3390625 0.878125 0.3375 0.8734375 0.3421875 0.84921875 0.33203125 0.84375 0.334375 0.8411458328125001 0.32864583281250004 0.84375 0.3234375 0.8390625 0.3171875 0.8330729171875 0.3252604171875 0.8296875 0.3171875 0.825 0.321875 0.8015625 0.315625 0.7946428578125 0.312946428125 0.79375 0.303125 0.78515625 0.30234375 0.787053571875 0.3107142859375 0.7794642859375001 0.30848214218750003 0.7765625 0.3015625 0.771875 0.30625 0.7190104171875 0.3263020828125 0.7140625 0.325 0.7078125 0.3125 0.6984375 0.3125 0.69375 0.3171875 0.69140625 0.32578125 0.6963541671875 0.3348958328125 0.6890625 0.334375 0.6888020828125 0.3377604171875 0.68125 0.340625 0.6247395828125 0.3360677078125 0.621875 0.33125 0.6166666671875001 0.33541666718749996 0.6125 0.3078125 0.609375 0.3046875 0.5984375 0.3046875 0.59375 0.309375 0.5924479171875 0.33346354218749996 0.49385416718749997 0.3202083328125 0.4921875 0.321875 0.48562500000000003 0.31906249999999997 0.4875 0.31484375 0.4828125 0.3078125 0.471875 0.3078125 0.47739583281250003 0.3179166671875 0.4609375 0.315625 0.1875 0.3333984375 0.18984375 0.3265625 0.18125 0.3109375 0.171875 0.3109375 0.1671875 0.315625 0.171875 0.3344140625 0.1640625 0.334921875 0.1609375 0.3296875 0.15625 0.3354296875 0.153125 0.33125 0.1484375 0.3359375 0.084375 0.36953125 0.0546875 0.375 0.0546875 0.3671875 0.05 0.3609375 0.05 0.353125 0.0546875 0.353125 0.0609375 0.3484375 0.0671875 0.3265625 0.071875 0.3203125 0.071875 0.3140625 0.0671875 0.3078125 0.0546875 0.309375 0.046875 0.3203125 0.04375 0.334375 0.0390625 0.3390625 0.0390625 0.3484375 0.04375 0.353125 0.032142857812499995 0.3763392859375 0.0265625 0.3828125 0.028794642187500004 0.3845982140625 0.0234375 0.3921875 0.025446428124999997 0.3928571421875 0.027430556249999998 0.39939236093749997 0.0203125 0.403125 0.0190625 0.438125 0.01875 0.446875 0.0234375 0.4796875 0.028125 0.484375 0.0375 0.484375