22 0.6677187499999999 0.23253125 0.631734375 0.214546875 0.6073906250000001 0.21242187499999998 0.586234375 0.234640625 0.5809375 0.24840625 0.6211562500000001 0.2854375 0.637015625 0.29390625 0.6444375 0.31189062500000003 0.684640625 0.359515625 0.688875 0.35634375 0.7036875 0.30343749999999997 0.700515625 0.273796875 0.69521875 0.26110937500000003 0.6677187499999999 0.23253125
26 0.714078125 0.98321875 0.7213125 0.9884375000000001 0.73134375 0.9916406249999999 0.742984375 0.9928437499999999 0.754625 0.992046875 0.763859375 0.989234375 0.768671875 0.98321875 0.773890625 0.978 0.7767031249999999 0.966359375 0.78071875 0.9527187500000001 0.785921875 0.9446875 0.7911406249999999 0.938265625 0.797171875 0.932640625 0.820453125 0.880875 0.8284687500000001 0.87325 0.8348906250000001 0.86240625 0.8381093749999999 0.8423437500000001 0.835703125 0.8250781249999999 0.830875 0.814640625 0.82365625 0.8054062500000001 0.815234375 0.7961875 0.799578125 0.7869531249999999 0.791546875 0.78334375 0.7775000000000001 0.781734375 0.773890625 0.78053125 0.7746875 0.80903125 0.773890625 0.8186562500000001 0.768265625 0.83109375 0.766671875 0.8363125 0.761046875 0.8415312500000001 0.7558281250000001 0.843546875 0.753828125 0.852375 0.750609375 0.8563906250000001 0.7461875 0.8543749999999999 0.74659375 0.845953125 0.756234375 0.8347187500000001 0.76425 0.82428125 0.766671875 0.81665625 0.766671875 0.80059375 0.7670625 0.778515625 0.75984375 0.7773125000000001 0.752609375 0.778515625 0.743390625 0.77971875 0.737765625 0.781328125 0.73175 0.784546875 0.724125 0.789765625 0.7189062500000001 0.79778125 0.714890625 0.8054062500000001 0.7136875 0.812640625 0.7112812500000001 0.8250781249999999 0.712078125 0.8314999999999999 0.6948125 0.9523125 0.696828125 0.9619375 0.70003125 0.968359375 0.706859375 0.97559375 0.714078125 0.98321875
38 0.5035624999999999 0.79228125 0.5061875 0.763375 0.48121875000000003 0.7239375 0.46939062500000006 0.716046875 0.45887500000000003 0.7213125 0.43915625 0.7291875 0.423390625 0.7502187499999999 0.427328125 0.7594218749999999 0.44178125 0.78309375 0.473328125 0.8133125 0.473328125 0.8106875 0.48384375 0.8159531250000001 0.5035624999999999 0.79228125
36 0.8396874999999999 0.12350000000000001 0.834546875 0.118921875 0.8299843750000001 0.12464062499999999 0.819703125 0.136625 0.8208437500000001 0.140625 0.796296875 0.196578125 0.8008593749999999 0.22112500000000002 0.8202812500000001 0.24167187499999998 0.8659531250000001 0.24909374999999997 0.875 0.24681250000000002 0.875 0.15375 0.875 0.13148437500000001 0.875 0.10921875 0.870515625 0.11664062500000001 0.8396874999999999 0.12350000000000001
26 0.55409375 0.5940624999999999 0.5674375 0.60740625 0.57634375 0.6251875 0.582265625 0.632609375 0.6000625 0.6296406250000001 0.604515625 0.6251875 0.60746875 0.5970156249999999 0.6237812500000001 0.573296875 0.628234375 0.5584687500000001 0.62971875 0.536234375 0.6386093749999999 0.5095468750000001 0.6386093749999999 0.49620312499999997 0.625265625 0.47248437499999996 0.6208125 0.48879687499999996 0.611921875 0.50065625 0.60303125 0.503625 0.598578125 0.49471875 0.591171875 0.493234375 0.591171875 0.48434375 0.58375 0.469515625 0.555578125 0.4769375 0.552625 0.50065625 0.552625 0.51103125 0.55409375 0.5940624999999999
26 0.512171875 0.545953125 0.51778125 0.5705 0.5374218749999999 0.5817187500000001 0.55565625 0.5803125 0.553546875 0.49965624999999997 0.5570468749999999 0.477921875 0.585109375 0.470203125 0.580890625 0.45828125000000003 0.5731875 0.435140625 0.556359375 0.43093750000000003 0.539515625 0.43303125 0.540921875 0.44425 0.5430312500000001 0.45267187499999995 0.539515625 0.458984375 0.5297031249999999 0.458984375 0.5275937500000001 0.45196875 0.531109375 0.44495312499999995 0.53390625 0.43373437499999995 0.533203125 0.432328125 0.514265625 0.4379375 0.5093593750000001 0.456171875 0.510765625 0.482125 0.512171875 0.545953125
26 0.62325 0.46448437499999995 0.620015625 0.47353125 0.629078125 0.4819375 0.6400781249999999 0.49940625 0.62584375 0.5744374999999999 0.649125 0.5725 0.65753125 0.55309375 0.682109375 0.442484375 0.674671875 0.439359375 0.675640625 0.43569531250000004 0.6672343749999999 0.436234375 0.669171875 0.42890625 0.659796875 0.433109375 0.658828125 0.42954687500000005 0.65625 0.4263125 0.652359375 0.429984375 0.637484375 0.423734375 0.61484375 0.42696875 0.6025625 0.43667187500000004 0.60234375 0.446375 0.6019062500000001 0.46578125000000004 0.6064375 0.46706250000000005 0.620671875 0.46382812500000004 0.62325 0.46448437499999995
26 0.875 1 0.875 0.9383125 0.86446875 0.932203125 0.8461562499999999 0.9251875 0.8223437499999999 0.9251875 0.805859375 0.928546875 0.7878437500000001 0.9395312499999999 0.77990625 0.954484375 0.774421875 0.971890625 0.774421875 0.98928125 0.7707499999999999 1 0.875 1
26 0.47046875000000005 0.216015625 0.473421875 0.21246874999999998 0.482890625 0.2106875 0.48346875 0.166359375 0.47165625 0.1705 0.45332812499999997 0.165765625 0.4426875 0.1628125 0.43735937500000005 0.167546875 0.4403125 0.216015625 0.467515625 0.22370312499999997 0.47046875000000005 0.216015625
61 0.7438125 0.8573437500000001 0.7473124999999999 0.8622500000000001 0.766953125 0.8391093749999999 0.776078125 0.817359375 0.77396875 0.780890625 0.778171875 0.699546875 0.774671875 0.7009531250000001 0.76484375 0.7858125 0.7690625 0.817359375 0.7473124999999999 0.8454218750000001 0.7438125 0.8573437500000001
14 0.5032656249999999 1 0.5110781249999999 0.981234375 0.515 0.9606875 0.513046875 0.9489531250000001 0.5101093750000001 0.9332968749999999 0.500328125 0.917640625 0.491515625 0.9078593749999999 0.47684375 0.9000468749999999 0.454359375 0.888296875 0.43771875 0.884390625 0.4171875 0.88340625 0.397625 0.88340625 0.382953125 0.890265625 0.36828125 0.8931875 0.350671875 0.9019999999999999 0.34578125000000004 0.91275 0.33795312499999997 0.9225468749999999 0.325234375 0.9411250000000001 0.32229687500000004 0.9518906250000001 0.321328125 0.9606875 0.32034375000000004 0.971453125 0.32034375000000004 0.9773125 0.321328125 0.991984375 0.32328125 0.99590625 0.324265625 0.9998125 0.32621875 1 0.34578125000000004 1 0.36729687499999997 1 0.36924999999999997 1 0.397625 1 0.42012499999999997 1 0.423046875 1 0.46120312500000005 1 0.4788125 1 0.490546875 1 0.5032656249999999 1
14 0.875 1 0.875 0.9366562500000001 0.8472031250000001 0.9242343749999999 0.8223593749999999 0.9237968750000001 0.8050625 0.929109375 0.7935156250000001 0.9353281250000001 0.778875 0.9579531250000001 0.7744375 0.977921875 0.772671875 0.9978906249999999 0.773546875 1 0.875 1
38 0.503515625 0.75128125 0.508859375 0.77871875 0.520296875 0.789390625 0.54696875 0.784046875 0.559921875 0.791671875 0.5926875 0.772625 0.59040625 0.74365625 0.5797343749999999 0.744421875 0.573640625 0.73603125 0.577453125 0.730703125 0.567546875 0.7184999999999999 0.536296875 0.72003125 0.508859375 0.726890625 0.503515625 0.75128125
38 0.5409375 0.671359375 0.5218125 0.676828125 0.512515625 0.680109375 0.49229687499999997 0.6937656249999999 0.490109375 0.700328125 0.49284375 0.715078125 0.49940625 0.7238125 0.5026875000000001 0.726 0.50596875 0.726 0.5201718750000001 0.72490625 0.542578125 0.7178125 0.55896875 0.712890625 0.56934375 0.7145312500000001 0.58465625 0.715078125 0.5600625 0.6719062499999999 0.55896875 0.666984375 0.5529531249999999 0.66534375 0.5409375 0.671359375
38 0.373578125 0.752609375 0.389609375 0.766859375 0.41395312500000003 0.769828125 0.424640625 0.759140625 0.42582812499999995 0.7520156250000001 0.437109375 0.732421875 0.45432812499999997 0.718765625 0.45432812499999997 0.714015625 0.44898437500000005 0.7062968749999999 0.41785937500000003 0.684875 0.40053124999999995 0.694109375 0.376265625 0.72646875 0.373578125 0.734796875 0.378328125 0.744890625 0.373578125 0.752609375
38 0.48998437499999997 0.615375 0.503421875 0.61178125 0.512375 0.596546875 0.519546875 0.5759375 0.51328125 0.5696718749999999 0.497140625 0.5607031250000001 0.486390625 0.5607031250000001 0.479234375 0.5642968749999999 0.472953125 0.57684375 0.46399999999999997 0.597453125 0.46578125000000004 0.605515625 0.47653125 0.613578125 0.48998437499999997 0.615375
38 0.52725 0.6218281250000001 0.5327968750000001 0.629796875 0.543890625 0.63846875 0.54875 0.639859375 0.563640625 0.6311875 0.5685 0.621484375 0.56884375 0.61178125 0.5685 0.6051875 0.56434375 0.5961875 0.55671875 0.591328125 0.554296875 0.590640625 0.55290625 0.590640625 0.5463125 0.586828125 0.5407656249999999 0.583703125 0.5376562500000001 0.5857812499999999 0.5255156249999999 0.587171875 0.51996875 0.590984375 0.505078125 0.610390625 0.512 0.61559375 0.51859375 0.617671875 0.52725 0.6218281250000001
38 0.7145937499999999 0.6418125 0.7128125 0.6335 0.714 0.6228125 0.7151875000000001 0.6002500000000001 0.667078125 0.5937187500000001 0.640953125 0.59728125 0.6350156250000001 0.6014375000000001 0.632640625 0.6055937499999999 0.630265625 0.6144999999999999 0.629078125 0.6251875 0.632640625 0.6346875 0.636796875 0.6394375 0.646296875 0.6441874999999999 0.6635156249999999 0.65071875 0.6789531249999999 0.6441874999999999 0.70984375 0.645375 0.7145937499999999 0.6418125
38 0.45125000000000004 0.7059375 0.454765625 0.711984375 0.457796875 0.719515625 0.458296875 0.724046875 0.4613125 0.7270625 0.4618125 0.725046875 0.46482812500000004 0.718515625 0.46834375 0.7150000000000001 0.475890625 0.7124843750000001 0.481921875 0.71146875 0.49046874999999995 0.703421875 0.5000312499999999 0.68834375 0.5060625 0.6737656249999999 0.503546875 0.657671875 0.50103125 0.65465625 0.48946875 0.6601874999999999 0.4854375 0.656171875 0.48092187500000005 0.65415625 0.47890625 0.6445937500000001 0.47387499999999994 0.636546875 0.46734375000000006 0.634046875 0.4608125 0.635546875 0.459296875 0.6370625000000001 0.45528124999999997 0.641578125 0.442703125 0.656671875 0.428625 0.6737656249999999 0.42259375 0.67628125 0.41907812499999997 0.6853281250000001 0.425109375 0.6878437500000001 0.44018750000000006 0.6989062500000001 0.45125000000000004 0.7059375
38 0.504171875 0.6643749999999999 0.5058125 0.6775625 0.5355000000000001 0.67096875 0.5544687500000001 0.6618906250000001 0.562703125 0.651171875 0.551171875 0.640453125 0.53796875 0.6330312499999999 0.5264375 0.6214999999999999 0.482734375 0.6519999999999999 0.4885 0.6618906250000001 0.500046875 0.6561250000000001 0.504171875 0.6643749999999999
38 0.724125 0.65828125 0.724125 0.64978125 0.70925 0.6444687499999999 0.694375 0.64340625 0.669921875 0.64659375 0.65715625 0.65615625 0.65715625 0.66996875 0.65715625 0.684859375 0.670984375 0.693359375 0.669921875 0.699734375 0.7283906250000001 0.702921875 0.734765625 0.685921875 0.727328125 0.66996875 0.724125 0.65828125
17 0.538484375 0.24270312500000002 0.525 0.26742187500000003 0.54971875 0.285390625 0.5766875 0.27415625 0.5699375 0.25842187499999997 0.538484375 0.24270312500000002
22 0.83953125 0.442890625 0.82984375 0.44934375 0.8221093749999999 0.46095312499999996 0.8221093749999999 0.46870312500000005 0.824046875 0.47192187499999994 0.8246874999999999 0.481609375 0.8208125000000001 0.49321875000000004 0.829203125 0.506125 0.8563124999999999 0.46353125000000006 0.8679218750000001 0.46740624999999997 0.874375 0.48224999999999996 0.862109375 0.50484375 0.8466250000000001 0.527421875 0.874375 0.553890625 0.875 0.51709375 0.875 0.442890625 0.853078125 0.438375 0.83953125 0.442890625
27 0.238125 0.20128125 0.15778125 0.216359375 0.240640625 0.68084375 0.482921875 0.5779062500000001 0.504265625 0.4975625 0.503015625 0.467421875 0.5256093749999999 0.43478125 0.5431874999999999 0.42725 0.59590625 0.43228125000000006 0.72771875 0.393359375 0.656171875 0.30924999999999997 0.616 0.333109375 0.616 0.37453125 0.6021875 0.38959375 0.56703125 0.38834375 0.5507187499999999 0.3544375 0.518078125 0.36825 0.26575000000000004 0.40465625000000005 0.22934375 0.334359375 0.20171875 0.269078125 0.24314062500000003 0.2515 0.238125 0.20128125
49 0.813859375 0.1055625 0.8194062499999999 0.117484375 0.83515625 0.12259374999999999 0.8244999999999999 0.131109375 0.816421875 0.14303125 0.8134375 0.15409375 0.806203125 0.17709375 0.8036406250000001 0.20220312499999998 0.802796875 0.22137500000000002 0.804921875 0.232015625 0.8083281250000001 0.23967187499999998 0.8036406250000001 0.29885937500000004 0.80109375 0.32184375 0.821953125 0.311625 0.85559375 0.289484375 0.8743281250000001 0.279703125 0.8743281250000001 0.22478125000000002 0.8743281250000001 0.139625 0.8743281250000001 0.054468749999999996 0.8738906249999999 0 0.802375 0.00209375 0.8045 0.021687500000000002 0.8053437499999999 0.05190625 0.8074843749999999 0.084703125 0.813859375 0.1055625
49 0.513765625 0.155203125 0.525 0.161953125 0.567703125 0.19565625 0.5879218749999999 0.24284374999999997 0.590171875 0.23160937499999998 0.621625 0.211390625 0.6620781250000001 0.227109375 0.686796875 0.25407812500000004 0.6890468750000001 0.24284374999999997 0.70028125 0.19790625 0.70028125 0.11925 0.6890468750000001 0.00015625 0.40365624999999994 0.006890625 0.39465625000000004 0.08104687499999999 0.41714062500000004 0.11925 0.41489062499999996 0.152953125 0.41714062500000004 0.130484375 0.48454687500000004 0.13273437500000002 0.513765625 0.155203125
32 0.463546875 0.161984375 0.462953125 0.15590625 0.45785937499999996 0.14454687500000002 0.45806250000000004 0.15884375 0.45375 0.14259375000000002 0.4539375 0.161203125 0.44964062499999996 0.141421875 0.450609375 0.166296875 0.455703125 0.1711875 0.45746875 0.171390625 0.462953125 0.17178125 0.463546875 0.161984375
32 0.583703125 0.5060156250000001 0.6029687499999999 0.501203125 0.606703125 0.501203125 0.61259375 0.487296875 0.63184375 0.44932812499999997 0.64628125 0.424734375 0.645203125 0.42312500000000003 0.6387968749999999 0.42312500000000003 0.62809375 0.43862500000000004 0.606703125 0.480875 0.5949375 0.495328125 0.583703125 0.5060156250000001
32 0.5703125 0.40131249999999996 0.5648125 0.404734375 0.573734375 0.4404375 0.592265625 0.48846875 0.5915781250000001 0.49328125 0.58884375 0.49465624999999996 0.6011875 0.48915625 0.5847187500000001 0.45140624999999995 0.5799218749999999 0.42807812500000003 0.5703125 0.40131249999999996
32 0.43089062499999997 1 0.4170625 0.981625 0.405296875 0.972671875 0.394875 0.9585156250000001 0.36396875 0.890984375 0.34428125 0.861453125 0.33640625 0.8629374999999999 0.335421875 0.8658906249999999 0.338875 0.881640625 0.364953125 0.924453125 0.38209375 0.95959375 0.37921875 0.988921875 0.38660937500000003 1 0.424984375 1 0.43089062499999997 1
17 0.439890625 0.29275 0.411625 0.2588125 0.40093750000000006 0.260703125 0.32303125 0.27075 0.27528125000000003 0.278296875 0.295375 0.317875 0.302296875 0.3185 0.37078125 0.309703125 0.439890625 0.29275
17 0.49273437500000006 0.27415625 0.49273437500000006 0.263453125 0.48946875 0.258109375 0.4814375 0.25840625 0.46687500000000004 0.26078125 0.460640625 0.2649375 0.455875 0.267015625 0.4546875 0.27326562499999996 0.470140625 0.29228125 0.482328125 0.290796875 0.49273437500000006 0.27415625
17 0.49749999999999994 0.29453125 0.496484375 0.29453125 0.49614062499999995 0.321921875 0.50984375 0.33596875000000004 0.512234375 0.337671875 0.520109375 0.338359375 0.5211406249999999 0.337671875 0.526953125 0.31643750000000004 0.5293593750000001 0.298296875 0.52525 0.29178125 0.49749999999999994 0.29453125
17 0.517015625 0.23748437500000003 0.521625 0.237734375 0.533 0.23628125 0.5378437500000001 0.23046875 0.54171875 0.223203125 0.5412343749999999 0.21618750000000003 0.536390625 0.21134375 0.53396875 0.21207812499999998 0.532515625 0.20771875 0.524765625 0.20021874999999997 0.498140625 0.22296875 0.495234375 0.23289062500000002 0.5058906249999999 0.235546875 0.517015625 0.23748437500000003
17 0.422546875 0.46984375 0.40648437499999995 0.47231249999999997 0.399078125 0.488375 0.425015625 0.506890625 0.434890625 0.5118437499999999 0.474421875 0.50071875 0.46578125000000004 0.480953125 0.43860937499999997 0.46984375 0.422546875 0.46984375
17 0.291234375 0.48571875000000003 0.291234375 0.5116875000000001 0.317203125 0.519484375 0.34578125000000004 0.49610937499999996 0.335390625 0.47273437500000004 0.30681250000000004 0.4649375 0.291234375 0.48571875000000003
17 0.272515625 0.40793749999999995 0.24885937500000002 0.41896875 0.24098437499999997 0.45365625 0.299328125 0.4489375 0.3119375 0.447359375 0.299328125 0.40793749999999995 0.272515625 0.40793749999999995
17 0.51021875 0.398703125 0.492859375 0.398703125 0.48618750000000005 0.410734375 0.48217187499999997 0.42275 0.496859375 0.44410937500000003 0.522234375 0.418734375 0.5235624999999999 0.40671875 0.51021875 0.398703125
17 0.498546875 0.35745312500000004 0.45425000000000004 0.295453125 0.390765625 0.30578125 0.26725 0.3274375 0.26578124999999997 0.359421875 0.29234375 0.3978125 0.498546875 0.35745312500000004
17 0.589703125 0.312640625 0.5974375000000001 0.3129375 0.60728125 0.3153125 0.619796875 0.320078125 0.61621875 0.29565625 0.597140625 0.288203125 0.5873125 0.29415625 0.589703125 0.312640625
22 0.301625 1 0.265265625 0.7896093750000001 0.23149999999999998 0.727265625 0.21331250000000002 0.698703125 0.125 0.527265625 0.125 0.8051875000000001 0.202921875 0.9272656250000001 0.23409375 1 0.301625 1
49 0.6800625 0.526515625 0.7367343749999999 0.526515625 0.793421875 0.47890625 0.811546875 0.41996874999999995 0.8466875 0.40635937499999997 0.875 0.367828125 0.8716250000000001 0.281671875 0.79115625 0.33268749999999997 0.66646875 0.43810937499999997 0.67665625 0.47664062500000004 0.6800625 0.526515625
61 0.534859375 0.42718749999999994 0.533890625 0.434578125 0.52896875 0.44195312500000006 0.527484375 0.45081249999999995 0.531421875 0.46065625 0.53634375 0.462125 0.5461875 0.459171875 0.54371875 0.444421875 0.5402812499999999 0.43112500000000004 0.5373281249999999 0.42128125 0.5279843750000001 0.381921875 0.521578125 0.354359375 0.519609375 0.348453125 0.51665625 0.34943749999999996 0.51665625 0.350421875 0.5176406250000001 0.366171875 0.522078125 0.3883125 0.5304375 0.41587500000000005 0.534859375 0.42718749999999994
38 0.2975625 0.723375 0.32090625 0.716515625 0.327765625 0.70484375 0.331890625 0.6821875000000001 0.29893749999999997 0.6540468749999999 0.272171875 0.6773906249999999 0.2666875 0.693859375 0.28178125 0.7199375 0.2975625 0.723375
22 0.24634375 0.63590625 0.205015625 0.47320312500000006 0.125 0.49128125 0.125 0.545515625 0.19728125000000002 0.648828125 0.24634375 0.63590625
26 0.5666562500000001 0.39746875 0.5970156249999999 0.40295312499999997 0.61090625 0.39746875 0.61575 0.39196875000000003 0.617359375 0.380671875 0.618015625 0.3486875 0.620921875 0.338359375 0.620921875 0.3254375 0.614140625 0.317359375 0.6005625 0.31315624999999997 0.58409375 0.3138125 0.568921875 0.315421875 0.565359375 0.31832812499999996 0.5582499999999999 0.327046875 0.56084375 0.34384375 0.5605156250000001 0.3813125 0.5605156250000001 0.38875000000000004 0.5666562500000001 0.39746875
38 0.40551562499999994 0.69184375 0.42196875 0.6784687500000001 0.41478125 0.666125 0.40346875000000004 0.656875 0.3890625 0.6527499999999999 0.37878124999999996 0.658921875 0.359234375 0.671265625 0.340734375 0.6753750000000001 0.327359375 0.7000625 0.36335937500000004 0.73709375 0.36953125 0.73503125 0.38084375000000004 0.706234375 0.40551562499999994 0.69184375
38 0.742578125 0.7088281249999999 0.77528125 0.70065625 0.813828125 0.692484375 0.816171875 0.68546875 0.806828125 0.664453125 0.804484375 0.652765625 0.7904687499999999 0.6504375 0.7636093749999999 0.649265625 0.74375 0.6504375 0.7250625 0.6539375 0.72740625 0.662109375 0.735578125 0.680796875 0.73675 0.7065 0.742578125 0.7088281249999999
38 0.37140625 0.6537499999999999 0.38059375 0.623890625 0.37921875 0.6192968750000001 0.37278125 0.61975 0.353953125 0.648234375 0.35028125 0.661546875 0.352109375 0.66109375 0.36543749999999997 0.65328125 0.37140625 0.6537499999999999
38 0.3359375 0.6708333328125 0.328125 0.675 0.334375 0.6796875 0.3359375 0.684375 0.340625 0.6765625 0.35 0.6734375 0.3572916671875 0.6744047625 0.3578125 0.671875 0.3625 0.6703125 0.3645833328125 0.677380953125 0.4302083328125 0.7041666671875 0.43212890625 0.6990234375 0.439453125 0.70234375 0.4375 0.7071428578125001 0.4447916671875 0.7101190468749999 0.44677734375 0.7056640625 0.45208333281249996 0.7130952374999999 0.4541015625 0.708984375 0.459375 0.716071428125 0.46142578125 0.7123046875 0.46666666718750005 0.71904761875 0.46875 0.715625 0.4739583328125 0.722023809375 0.475 0.7203125 0.48125 0.721875 0.484375 0.73046875 0.490625 0.7390625 0.50625 0.7375 0.5015625 0.7265625 0.509375 0.7265625 0.520905171875 0.701831896875 0.54272629375 0.7121767234374999 0.540625 0.7203125 0.5494791671875 0.7197916671875 0.55 0.715625 0.55414870625 0.7087823281250001 0.5578125 0.71484375 0.5583333328125 0.7192708328124999 0.565625 0.7140625 0.5671875 0.71875 0.571875 0.715625 0.571875 0.7203125 0.5703125 0.7234375 0.6546875 0.5921875 0.678125 0.5921875 0.68125 0.596875 0.7140625 0.6015625 0.7125 0.646875 0.7234375 0.65 0.7265625 0.6546875 0.725 0.6625 0.728125 0.6640625 0.7265625 0.665625 0.75 0.7078125 0.7484375 0.7296875 0.7375 0.74375 0.740625 0.7625 0.7453125 0.7671875 0.7546875 0.7671875 0.7671875 0.7609375 0.7734375 0.765625 0.775 0.7921875 0.778125 0.8046875 0.784375 0.8125 0.79375 0.8125 0.803125 0.8046875 0.8078125 0.796875 0.8328125 0.8078125 0.83125 0.8140625 0.825 0.8203125 0.821875 0.83125 0.821875 0.8421875 0.8265625 0.846875 0.83125 0.8609375 0.8203125 0.86875 0.81875 0.878125 0.8109375 0.878125 0.80625 0.8828125 0.80625 0.8921875 0.825 0.9125 0.8484375 0.9109375 0.853125 0.909375 0.859375 0.9015625 0.871875 0.9015625 0.8734375 0.7390625 0.8640625 0.7390625 0.8578125 0.728125 0.8546875 0.7296875 0.8515625 0.722991071875 0.8140625 0.6921875 0.815625 0.684375 0.8734375 0.665625 0.8734375 0.578125 0.8703125 0.56875 0.8671875 0.565625 0.8578125 0.565625 0.853125 0.5703125 0.8515625 0.5984375 0.84375 0.6203125 0.828125 0.621875 0.8125 0.6125 0.7953125 0.6125 0.790625 0.5921875 0.78125 0.575 0.78125 0.571875 0.7890625 0.571875 0.7921875 0.56875 0.7921875 0.546875 0.7703125 0.5171875 0.7609375 0.5125 0.75 0.5125 0.740625 0.51875 0.7296875 0.51875 0.7203125 0.5234375 0.70625 0.5203125 0.69375 0.5125 0.675 0.5125 0.6703125 0.5171875 0.66616379375 0.524030171875 0.6666666671875 0.5265625 0.6620150859375 0.5308728453125 0.6630208328125 0.5359375 0.6578663796875001 0.5377155171875 0.659375 0.5453125 0.65 0.5453125 0.649568965625 0.5514008625 0.6453125 0.55 0.6453125 0.559375 0.6484375 0.5625 0.6412715515625 0.56508620625 0.5790409484375 0.66772629375 0.5234375 0.625 0.5203125 0.61875 0.5125 0.6171875 0.5046875 0.6109375 0.49375 0.615625 0.48125 0.615625 0.4734375 0.6125 0.465625 0.60625 0.4671875 0.5890625 0.4609375 0.584375 0.446875 0.5859375 0.4421875 0.578125 0.4421875 0.571875 0.4359375 0.5640625 0.4265625 0.5640625 0.4171875 0.575 0.415625 0.59375 0.4109375 0.596875 0.4015625 0.6171875 0.3953125 0.6109375 0.384375 0.6125 0.3796875 0.60625 0.3828125 0.5921875 0.378125 0.5859375 0.36875 0.5859375 0.359375 0.596875 0.35625 0.6046875 0.3515625 0.6046875 0.3453125 0.61015625 0.34633620625 0.6190732765625 0.3390625 0.615625 0.3328125 0.6515625 0.328125 0.6625 0.33541666718749996 0.665476190625 0.3359375 0.6708333328125