4 0.7546406250000001 0.365859375 0.7254375 0.3611875 0.7242656249999999 0.4219375 0.735953125 0.4219375 0.7546406250000001 0.365859375
5 0.4248125 0.6633125 0.41940625000000004 0.666734375 0.40946875 0.6726875 0.41373437500000004 0.68234375 0.4185625 0.6857656249999999 0.423953125 0.69371875 0.42964062500000005 0.701375 0.438453125 0.705640625 0.4466875 0.705640625 0.45634375 0.7033750000000001 0.45776562500000006 0.699109375 0.455765625 0.692859375 0.455203125 0.687171875 0.452359375 0.68178125 0.45009375 0.6715625000000001 0.44384375 0.66615625 0.43503125000000004 0.6633125 0.4248125 0.6633125
49 0.20690624999999999 0.6956562500000001 0.18440625 0.68515625 0.19640625 0.674671875 0.20690624999999999 0.610203125 0.176921875 0.57871875 0.20540625 0.532234375 0.20090625 0.50225 0.224890625 0.50075 0.224890625 0.46476562499999996 0.19790625 0.45276562499999995 0.178421875 0.48575 0.1439375 0.49474999999999997 0.1229375 0.50975 0.08695312499999999 0.56071875 0.08395312499999999 0.596703125 0.100453125 0.608703125 0.1379375 0.6461875 0.101953125 0.68665625 0.095953125 0.719640625 0.15592187500000002 0.718140625 0.157421875 0.71065625 0.18590625 0.70915625 0.20690624999999999 0.6956562500000001
49 0.176609375 0.486515625 0.1753125 0.47573437500000004 0.1800625 0.46882812500000004 0.18351562500000002 0.461921875 0.187390625 0.455453125 0.19343749999999998 0.44078125 0.196890625 0.43429687499999997 0.196890625 0.420921875 0.19128125 0.41315625 0.17962499999999998 0.414453125 0.174875 0.42135937500000004 0.176171875 0.43603125 0.174015625 0.44120312500000003 0.1705625 0.444234375 0.1610625 0.455015625 0.155453125 0.47831250000000003 0.15890625 0.487375 0.16409374999999998 0.487375 0.176609375 0.486515625
49 0.59521875 0.6431875 0.6192031250000001 0.601203125 0.6581875 0.6431875 0.6836875 0.68815625 0.74065625 0.6776718749999999 0.685171875 0.6386875 0.635703125 0.5292343749999999 0.634203125 0.50075 0.6596875 0.49625 0.74365625 0.44528125 0.72265625 0.41379687499999995 0.7076718750000001 0.43328125 0.649203125 0.42878125 0.617703125 0.40629687499999995 0.59221875 0.41678125 0.5682343750000001 0.47376562499999997 0.566734375 0.536734375 0.5802343750000001 0.608703125 0.54125 0.6401875 0.500765625 0.6476875 0.490265625 0.69415625 0.51875 0.68665625 0.59521875 0.6431875
49 0.3943125 0.7151562499999999 0.4018125 0.7031562499999999 0.40031249999999996 0.69865625 0.379328125 0.6776718749999999 0.355328125 0.655171875 0.358328125 0.6341875 0.359828125 0.6296875 0.3988125 0.6581718750000001 0.41381249999999997 0.671671875 0.42279687499999996 0.676171875 0.427296875 0.668671875 0.41829687499999996 0.664171875 0.382328125 0.6236875000000001 0.377828125 0.599703125 0.368828125 0.587703125 0.362828125 0.58021875 0.361328125 0.5667187499999999 0.361328125 0.56071875 0.382328125 0.547234375 0.373328125 0.524734375 0.368828125 0.520234375 0.358328125 0.51275 0.34184375 0.5037499999999999 0.32534375 0.51125 0.316359375 0.5217343750000001 0.314859375 0.527734375 0.32234375000000004 0.544234375 0.316359375 0.55621875 0.298359375 0.57871875 0.27737500000000004 0.605703125 0.268375 0.6266875 0.26237499999999997 0.6431875 0.26237499999999997 0.659671875 0.269875 0.6836562500000001 0.281875 0.6911562499999999 0.272875 0.70765625 0.28337500000000004 0.7151562499999999 0.310359375 0.71365625 0.34634375 0.71365625 0.382328125 0.71665625 0.3943125 0.7151562499999999
49 0.46603125 0.503578125 0.46520312500000005 0.516140625 0.467984375 0.5231250000000001 0.47329687500000006 0.5328906250000001 0.482234375 0.54015625 0.490046875 0.53596875 0.49284375 0.5231250000000001 0.50009375 0.525921875 0.515734375 0.5354062500000001 0.52103125 0.5373593750000001 0.518515625 0.54490625 0.51740625 0.551875 0.5310937499999999 0.5474218750000001 0.5260625 0.54015625 0.524390625 0.53178125 0.5255 0.516703125 0.524109375 0.511671875 0.518515625 0.5114062500000001 0.519921875 0.503578125 0.512375 0.49353125000000003 0.502328125 0.4843125 0.49731249999999994 0.48125 0.49284375 0.47175 0.48724999999999996 0.469515625 0.48167187499999997 0.47035937499999997 0.48028125 0.470921875 0.47357812499999996 0.477625 0.47301562500000005 0.48767187500000003 0.46882812500000004 0.49576562500000004 0.46603125 0.503578125
49 0.12178125 0.49239062499999997 0.12178125 0.4841875 0.12090624999999999 0.478140625 0.120484375 0.47771875 0.118328125 0.47468750000000004 0.110984375 0.47340625000000003 0.10321875 0.47728125 0.10020312499999999 0.485921875 0.098046875 0.49325 0.092 0.498859375 0.08595312499999999 0.505328125 0.083796875 0.5299375000000001 0.084234375 0.54934375 0.088984375 0.55928125 0.0963125 0.548046875 0.10623437499999999 0.542015625 0.11271875 0.532515625 0.11960937499999999 0.520875 0.127390625 0.515265625 0.129109375 0.51396875 0.128671875 0.5062031250000001 0.12825 0.49971875 0.12350000000000001 0.49540625 0.12178125 0.49540625 0.12178125 0.49239062499999997
49 0.3485625 0.45190625000000006 0.363625 0.45128124999999997 0.3655 0.43684375 0.354203125 0.424296875 0.3485625 0.41174999999999995 0.334125 0.41048437499999996 0.32346875 0.4286875 0.312171875 0.458796875 0.30965625 0.48515625 0.32471875 0.48892187500000006 0.33225 0.498953125 0.3491875 0.50334375 0.35357812499999997 0.479515625 0.3485625 0.45190625000000006
49 0.19215625 0.555140625 0.19946875 0.590015625 0.21325 0.59259375 0.20678125 0.57365625 0.214109375 0.53446875 0.22142187500000002 0.5865781250000001 0.23132812500000002 0.58140625 0.23478125 0.496578125 0.247265625 0.46128125000000003 0.240375 0.43759375 0.225296875 0.42984375 0.221 0.40443749999999995 0.21023437500000003 0.40443749999999995 0.20721875 0.41907812499999997 0.204640625 0.43156249999999996 0.19171875 0.438890625 0.193015625 0.45309375 0.22014062499999998 0.46343750000000006 0.224875 0.502609375 0.20420312499999999 0.503046875 0.19215625 0.555140625
49 0.9328593749999999 0.43724999999999997 0.9465625 0.41571875 0.932203125 0.401359375 0.9289531249999999 0.38634375 0.9263281250000001 0.372640625 0.911984375 0.37590625 0.911984375 0.387 0.9041406249999999 0.392875 0.8969687499999999 0.411796875 0.8989218749999999 0.44117187500000005 0.9224218750000001 0.44246875 0.915234375 0.444421875 0.926984375 0.44378124999999996 0.9328593749999999 0.43724999999999997
49 0.8230625 0.46528125 0.825359375 0.46665625000000005 0.8212083328125 0.47341145781250005 0.8119375 0.47406249999999994 0.8193541671875 0.4815416671875 0.81703125 0.4849375 0.8179531250000001 0.493953125 0.8156458328125 0.49780208281249994 0.8198124999999999 0.49973437499999995 0.8137916671875001 0.5059322921875 0.8119375 0.5140625 0.8259296875000001 0.5118750000000001 0.8223437499999999 0.519390625 0.8424687499999999 0.5133020828125 0.8475625000000001 0.53071875 0.854265625 0.53071875 0.8600468749999999 0.51153125 0.8579687500000001 0.4988125 0.8600468749999999 0.483078125 0.859125 0.45603125 0.8524062499999999 0.45093750000000005 0.847328125 0.45140624999999995 0.84709375 0.445625 0.8499531250000001 0.4365 0.8468125000000001 0.42896875 0.83928125 0.42709374999999994 0.8286250000000001 0.432109375 0.8286250000000001 0.44089062500000004 0.832984375 0.450015625 0.8267708328125 0.4490208328125 0.8230625 0.46528125
8 0.461921875 0.522875 0.46312499999999995 0.52090625 0.46323437500000003 0.518171875 0.46399999999999997 0.512375 0.46410937499999994 0.511828125 0.46465625 0.509859375 0.46465625 0.508109375 0.46312499999999995 0.508984375 0.45218749999999996 0.508984375 0.45864062499999997 0.5180625 0.46039062499999994 0.520140625 0.461921875 0.522875
8 0.46921875 0.49690625 0.47585937500000003 0.48628125000000005 0.475203125 0.482953125 0.470546875 0.482296875 0.469890625 0.482734375 0.467015625 0.49601562499999996 0.46921875 0.49690625
49 0.42303125 0.495 0.427203125 0.49778124999999995 0.426375 0.50334375 0.41025 0.504921875 0.41117187499999996 0.5073125 0.41209375000000004 0.5122656250000001 0.41153125 0.519234375 0.40932812500000004 0.527859375 0.41354687500000004 0.5379375 0.42309374999999994 0.538859375 0.4331875 0.5394062500000001 0.43740625 0.557203125 0.450609375 0.5575625 0.461984375 0.5291406249999999 0.461984375 0.526015625 0.458859375 0.5214375 0.45518749999999997 0.520890625 0.4528125 0.512625 0.450609375 0.5062031250000001 0.447859375 0.49484374999999997 0.44271874999999994 0.490625 0.43996874999999996 0.49024999999999996 0.43629687500000003 0.489703125 0.43409375 0.48842187499999995 0.43556249999999996 0.479609375 0.432265625 0.471 0.425296875 0.47062499999999996 0.42034374999999996 0.479796875 0.423453125 0.49024999999999996 0.415203125 0.49209375 0.410625 0.49759374999999995 0.41107812499999996 0.49778124999999995 0.41470312500000006 0.496953125 0.42303125 0.495
49 0.362296875 0.485953125 0.358 0.48903125000000003 0.35554687500000004 0.50253125 0.3610625 0.50928125 0.36843750000000003 0.517875 0.37887499999999996 0.53996875 0.38009375 0.55040625 0.38009375 0.556546875 0.385 0.5645156250000001 0.397890625 0.5626875 0.396671875 0.56084375 0.392984375 0.556546875 0.394828125 0.5534687500000001 0.397890625 0.551015625 0.39973437500000003 0.5209374999999999 0.386234375 0.5141875 0.38315625 0.506828125 0.38684375000000004 0.503140625 0.40279687500000005 0.50559375 0.42485937500000004 0.502765625 0.42604687500000005 0.501578125 0.42604687500000005 0.49684375000000003 0.415984375 0.49743750000000003 0.39823437500000003 0.49803125000000004 0.383453125 0.48975 0.384625 0.48206249999999995 0.391734375 0.47850000000000004 0.38521875 0.47081249999999997 0.37871875 0.466671875 0.366875 0.47021875 0.363515625 0.481046875 0.36843750000000003 0.48473437500000005 0.362296875 0.485953125