24 0.42503124999999997 0.681875 0.41782812500000005 0.6782812500000001 0.284640625 0.6782812500000001 0.214453125 0.686375 0.20456249999999998 0.683671875 0.189265625 0.65578125 0.15415625 0.671078125 0.1515625 0.8942500000000001 0.156859375 0.9968281250000001 0.19915624999999998 0.99503125 0.22615625 0.9446406250000001 0.272046875 0.84565625 0.28284375 0.831265625 0.30534374999999997 0.80965625 0.3404375 0.8105625 0.34584375 0.79796875 0.360234375 0.79615625 0.3719375 0.78715625 0.38453125 0.79346875 0.426828125 0.79346875 0.428625 0.78715625 0.43671875 0.76646875 0.434921875 0.734078125 0.42953125 0.724171875 0.42503124999999997 0.681875
23 0.503078125 0.474890625 0.5134375 0.46848437499999995 0.51709375 0.45996875 0.517390625 0.44990625 0.5161875 0.444125 0.510703125 0.436515625 0.503390625 0.43224999999999997 0.49303125000000003 0.43103125000000003 0.486640625 0.43346875 0.479328125 0.438953125 0.47474999999999995 0.446859375 0.473234375 0.45721875 0.47657812499999996 0.465140625 0.486328125 0.47428125000000004 0.48693749999999997 0.47428125000000004 0.49424999999999997 0.474890625 0.503078125 0.474890625
12 0.41256250000000005 0.8474999999999999 0.39321875 0.8502968750000001 0.39518749999999997 0.851984375 0.40275 0.851703125 0.397984375 0.8601093750000001 0.39575 0.8626250000000001 0.39575 0.871875 0.44956250000000003 0.874953125 0.459078125 0.8617812499999999 0.4576875 0.851140625 0.41256250000000005 0.8474999999999999
12 0.380046875 0.838671875 0.3728125 0.844109375 0.36520312499999996 0.8459218749999999 0.33875 0.850625 0.321 0.8546093750000001 0.32028124999999996 0.8615 0.328609375 0.87634375 0.384390625 0.863671875 0.38221875 0.85353125 0.377515625 0.8473750000000001 0.381140625 0.84121875 0.380046875 0.838671875
45 0.325546875 0.726390625 0.32259375 0.7260625 0.316546875 0.727046875 0.3134375 0.7308125000000001 0.31 0.736859375 0.30934375 0.741109375 0.319328125 0.73865625 0.32375 0.7363593749999999 0.3266875 0.731625 0.32815625000000004 0.72834375 0.325546875 0.726390625
53 0.752515625 0.7876562500000001 0.7551249999999999 0.78078125 0.7551249999999999 0.7789843750000001 0.7264999999999999 0.77653125 0.7219218749999999 0.781265625 0.723890625 0.7861875 0.752515625 0.7876562500000001
12 0.332875 0.8488125 0.39442187500000003 0.845890625 0.40321875 0.81584375 0.34753124999999996 0.816578125 0.332875 0.8488125
53 0.4368125 0.83921875 0.44240625 0.8375 0.44301562499999997 0.835875 0.44310937499999997 0.83159375 0.440265625 0.8288593750000001 0.39709374999999997 0.828953125 0.39434375 0.835359375 0.395765625 0.8373906249999999 0.399421875 0.83840625 0.4368125 0.83921875
53 0.388859375 0.8503125 0.38301562499999997 0.85290625 0.39178125 0.8590781249999999 0.399234375 0.8561562500000001 0.388859375 0.8503125
12 0.40217187499999996 0.798203125 0.40660937500000005 0.822015625 0.408265625 0.8225625000000001 0.452546875 0.8203437499999999 0.452546875 0.8120468750000001 0.44368749999999996 0.796546875 0.40217187499999996 0.798203125
42 0.393 0.733265625 0.39065625000000004 0.73259375 0.346375 0.736953125 0.34435937499999997 0.73896875 0.353421875 0.76278125 0.40540624999999997 0.7570781249999999 0.40440624999999997 0.752375 0.393 0.733265625