75 0.843390625 0.663953125 0.85996875 0.48021874999999997 0.849421875 0.46214062499999997 0.8253281250000001 0.45009375 0.796703125 0.679015625 0.8102656250000001 0.679015625 0.843390625 0.663953125
13 0.932078125 0.755625 0.94284375 0.760421875 0.947625 0.758625 0.951796875 0.7538437499999999 0.951796875 0.7502500000000001 0.9524062499999999 0.74428125 0.9535937499999999 0.7365 0.9434374999999999 0.730515625 0.9362656250000001 0.728125 0.933265625 0.728125 0.927296875 0.7353125 0.927296875 0.74009375 0.927296875 0.7406875 0.927296875 0.74128125 0.92490625 0.743078125 0.92490625 0.747265625 0.932078125 0.755625
24 0.58540625 0.493703125 0.5452343749999999 0.48796875 0.5194062500000001 0.49800000000000005 0.522265625 0.545359375 0.55384375 0.561140625 0.5710625 0.58121875 0.6700625 0.592703125 0.690140625 0.579796875 0.6930156249999999 0.5267031249999999 0.58540625 0.493703125
7 0.1469375 0.6431875 0.158921875 0.671671875 0.19340625 0.70015625 0.20090625 0.734640625 0.217390625 0.745140625 0.268375 0.773625 0.27737500000000004 0.8260937500000001 0.32984375 0.81859375 0.34184375 0.81859375 0.569734375 0.655171875 0.560734375 0.6191875 0.583234375 0.6251875 0.563734375 0.56971875 0.52625 0.548734375 0.3973125 0.533734375 0.163421875 0.56221875 0.1484375 0.58021875 0.1454375 0.5922031249999999 0.1229375 0.6236875000000001 0.1469375 0.6431875
26 0.859 0.8241093749999999 0.8758593749999999 0.833109375 0.88853125 0.832796875 0.8886406250000001 0.80159375 0.8909375 0.7815000000000001 0.8889531249999999 0.7789843750000001 0.885703125 0.775 0.870734375 0.766 0.85690625 0.7642187500000001 0.850625 0.765796875 0.849171875 0.7673593750000001 0.8439375 0.8026406250000001 0.841421875 0.808828125 0.855234375 0.8209687499999999 0.859 0.8241093749999999
26 0.8373593749999999 0.8078593749999999 0.841625 0.809578125 0.8481562500000001 0.77434375 0.8501406250000001 0.768375 0.853265625 0.76496875 0.8606562500000001 0.764125 0.8609375 0.7621249999999999 0.8609375 0.7575937500000001 0.858390625 0.753046875 0.8549843750000001 0.749921875 0.849296875 0.7459374999999999 0.843328125 0.74309375 0.8359375 0.740828125 0.8254374999999999 0.7402656249999999 0.821453125 0.743671875 0.8154999999999999 0.782875 0.8348125 0.798203125 0.8359375 0.8016249999999999 0.8373593749999999 0.8078593749999999
12 0.27853125 0.594015625 0.28078125 0.59584375 0.33434375 0.59890625 0.353890625 0.578328125 0.30521875 0.5785312499999999 0.27853125 0.594015625
22 0.682484375 0.524125 0.6795625000000001 0.48146875 0.64565625 0.48401562499999995 0.644203125 0.5088125 0.682484375 0.524125
22 0.715953125 0.5486718749999999 0.7219218749999999 0.552921875 0.72390625 0.5492343749999999 0.7261875 0.54753125 0.7293125 0.54753125 0.72903125 0.540140625 0.7418125 0.540140625 0.74834375 0.487875 0.7227812499999999 0.48929687499999996 0.715953125 0.5486718749999999
22 0.708703125 0.522015625 0.70603125 0.542484375 0.70803125 0.5428124999999999 0.711390625 0.52503125 0.7184375000000001 0.5236875000000001 0.721796875 0.521671875 0.72346875 0.5012187499999999 0.72078125 0.49651562499999996 0.712390625 0.49484374999999997 0.70703125 0.497859375 0.702328125 0.5005468750000001 0.6993125 0.500875 0.696296875 0.504234375 0.69328125 0.505578125 0.6929375 0.5109375 0.687234375 0.515296875 0.6879062499999999 0.5173125 0.6879062499999999 0.51865625 0.68925 0.522015625 0.691265625 0.5236875000000001 0.69159375 0.520671875 0.708703125 0.522015625
22 0.76653125 0.511546875 0.75734375 0.517140625 0.755046875 0.53190625 0.7645625 0.545375 0.770796875 0.5644218750000001 0.7714531250000001 0.56540625 0.78196875 0.547015625 0.76653125 0.511546875
13 0.966984375 0.74521875 0.953125 0.7226874999999999 0.9236718749999999 0.7226874999999999 0.894203125 0.82146875 0.94965625 0.824921875 0.966984375 0.793734375 0.966984375 0.74521875