19 0.691296875 0.7769375000000001 0.685375 0.68525 0.671578125 0.601453125 0.67059375 0.594546875 0.66565625 0.588640625 0.6469375 0.5896250000000001 0.6429843749999999 0.59653125 0.6469375 0.633984375 0.65678125 0.684265625 0.662703125 0.7375 0.671578125 0.77496875 0.682421875 0.841015625 0.69228125 0.875 0.69621875 0.875 0.695234375 0.84003125 0.691296875 0.7769375000000001
19 0.58059375 0.33146875 0.5664687500000001 0.30676562500000004 0.54353125 0.310296875 0.5329375 0.322640625 0.60090625 0.44984375 0.643171875 0.518625 0.6564687499999999 0.5097031249999999 0.6388281250000001 0.476171875 0.58059375 0.33146875
19 0.6251562500000001 0.35726562500000003 0.582078125 0.27921874999999996 0.554203125 0.23209375 0.548125 0.23159375 0.52278125 0.24171874999999998 0.537984375 0.268578125 0.555734375 0.30709375 0.570421875 0.3136875 0.58815625 0.345109375 0.635296875 0.403890625 0.652015625 0.42923437499999995 0.6459374999999999 0.40542187500000004 0.635796875 0.37703125000000004 0.6251562500000001 0.35726562500000003
19 0.633140625 0.36953125 0.638109375 0.385671875 0.663578125 0.40990624999999997 0.69215625 0.42915625 0.694015625 0.4248125 0.68159375 0.396859375 0.67103125 0.3838125 0.6524062500000001 0.367671875 0.633765625 0.33846875 0.617609375 0.313 0.582828125 0.27014062499999997 0.582203125 0.274484375 0.597125 0.30740625 0.633140625 0.36953125
19 0.617375 0.426453125 0.6224999999999999 0.43671875 0.645984375 0.46018749999999997 0.6584531250000001 0.468265625 0.680453125 0.48953125000000003 0.7098125 0.52915625 0.706140625 0.5210781250000001 0.692203125 0.49540625 0.681921875 0.477796875 0.669453125 0.451390625 0.6533125 0.43525 0.6313125 0.405171875 0.6085625 0.381703125 0.59021875 0.35015625 0.590953125 0.354546875 0.602703125 0.384625 0.617375 0.426453125
19 0.500796875 0.357671875 0.514109375 0.37609375 0.5427500000000001 0.421109375 0.559125 0.44976562500000006 0.58675 0.48659375000000005 0.640984375 0.53878125 0.64775 0.5349062499999999 0.64728125 0.524734375 0.6288750000000001 0.50246875 0.617265625 0.48795312500000004 0.617265625 0.47925000000000006 0.6119375 0.46714062500000003 0.595 0.43810937499999997 0.5819375 0.41245312500000003 0.57321875 0.40179687499999994 0.5345 0.323390625 0.538375 0.3146875 0.539828125 0.3108125 0.527234375 0.2919375 0.5253593750000001 0.293203125 0.518203125 0.293203125 0.5079687500000001 0.29525 0.5069375 0.31060937499999997 0.500796875 0.357671875
19 0.618546875 0.862921875 0.633703125 0.866296875 0.6438125 0.857859375 0.638765625 0.5983125 0.635390625 0.586515625 0.618546875 0.586515625 0.6151718749999999 0.7971874999999999 0.6286562499999999 0.8460625 0.618546875 0.862921875
19 0.666109375 0.590546875 0.670421875 0.589671875 0.673875 0.60434375 0.674734375 0.610375 0.6790468749999999 0.612109375 0.688546875 0.642296875 0.6945781249999999 0.665578125 0.718734375 0.7009375 0.7558125 0.741484375 0.779109375 0.7621875 0.77996875 0.7665 0.796359375 0.7915 0.808421875 0.80271875 0.811875 0.8001250000000001 0.811875 0.797546875 0.8075625000000001 0.792375 0.8049843750000001 0.780296875 0.798078125 0.758734375 0.78428125 0.7440625 0.761859375 0.7181875 0.748046875 0.689734375 0.725625 0.6543593750000001 0.70234375 0.618140625 0.6790468749999999 0.58278125 0.670421875 0.5681093749999999 0.666109375 0.56725 0.660078125 0.56725 0.648 0.5543125 0.644546875 0.557765625 0.655765625 0.5724218750000001 0.65921875 0.585359375 0.666109375 0.590546875
19 0.72875 0.79334375 0.7650625 0.827703125 0.77715625 0.84609375 0.782 0.858203125 0.797484375 0.8640000000000001 0.8052343750000001 0.863515625 0.7873281249999999 0.8441562499999999 0.7878125 0.83303125 0.764578125 0.803984375 0.736984375 0.760421875 0.7181093749999999 0.737203125 0.703109375 0.7192968750000001 0.70359375 0.7221875 0.716171875 0.75753125 0.72875 0.79334375
19 0.68453125 0.696578125 0.69421875 0.770640625 0.69421875 0.805484375 0.6913125 0.82484375 0.697125 0.83984375 0.7063125 0.8747031249999999 0.721796875 0.8747031249999999 0.717453125 0.8495312500000001 0.70921875 0.805 0.709703125 0.778375 0.70146875 0.733859375 0.69615625 0.6810937499999999 0.6869531249999999 0.634140625 0.6763125 0.6065625 0.6763125 0.6215625 0.681625 0.6670625 0.68453125 0.696578125
19 0.640453125 0.609875 0.642140625 0.8070625 0.665734375 0.861 0.687640625 0.8626875 0.669296875 0.7583593750000001 0.655421875 0.708109375 0.649359375 0.683859375 0.6505625 0.6368437499999999 0.642140625 0.577859375 0.640453125 0.609875
19 0.7061875 0.816015625 0.746625 0.866578125 0.758421875 0.8581406250000001 0.6994374999999999 0.718265625 0.7061875 0.816015625
15 0.263375 0.645328125 0.275703125 0.6682187500000001 0.288609375 0.675265625 0.36196875 0.63946875 0.37253125 0.62009375 0.368421875 0.6071875 0.3490625 0.578421875 0.332625 0.573734375 0.326765625 0.5755 0.31209375 0.57784375 0.297421875 0.581953125 0.27921874999999996 0.587234375 0.232859375 0.594265625 0.24459375 0.6042500000000001 0.25046875 0.6206875000000001 0.263375 0.645328125
15 0.34090625 0.571109375 0.296109375 0.45421875 0.24740625 0.473703125 0.183109375 0.514609375 0.12078124999999999 0.54578125 0.042859375 0.559421875 0.0350625 0.578890625 0.070125 0.635390625 0.157796875 0.573046875 0.21623437499999998 0.547734375 0.25325000000000003 0.5905781250000001 0.34090625 0.571109375
15 0.276625 0.67434375 0.257140625 0.641234375 0.23765624999999999 0.598375 0.192859375 0.5925312500000001 0.112984375 0.6295468750000001 0.1383125 0.7211093749999999 0.16753125 0.78734375 0.20259375 0.7775937500000001 0.192859375 0.7211093749999999 0.19090625 0.70746875 0.25909375 0.69578125 0.276625 0.67434375
15 0.120109375 0.6949062500000001 0.11954687500000001 0.730046875 0.12792187500000002 0.744 0.139078125 0.738421875 0.13964062500000002 0.72 0.142421875 0.6820625 0.117875 0.6363125000000001 0.0871875 0.64746875 0.0944375 0.661421875 0.110625 0.676484375 0.120109375 0.6949062500000001
15 0.447390625 0.817 0.431734375 0.810296875 0.41159375000000004 0.8119687499999999 0.39256250000000004 0.82315625 0.389203125 0.8270781250000001 0.40599999999999997 0.8645468749999999 0.423890625 0.875 0.48879687499999996 0.8740625 0.48767187500000003 0.8723906250000001 0.4831875 0.8539218749999999 0.47535937500000003 0.838265625 0.461375 0.8321093749999999 0.447390625 0.817