27 0.117265625 0.591125 0.001578125 0.595875 0.114109375 0.603796875 0.217109375 0.583203125 0.136296875 0.576859375 0.117265625 0.591125
22 0.32834375 0.51275 0.24289062499999997 0.50825 0.23689062500000002 0.601203125 0.274375 0.6341875 0.289359375 0.650671875 0.287859375 0.6701718750000001 0.25787499999999997 0.785609375 0.280375 0.7811250000000001 0.289359375 0.83359375 0.310359375 0.83359375 0.310359375 0.81859375 0.32834375 0.51275
22 0.377828125 0.6285624999999999 0.367328125 0.6780468749999999 0.34934375 0.718515625 0.32084375 0.721515625 0.313359375 0.724515625 0.31934375 0.736515625 0.359828125 0.742515625 0.358328125 0.8219687499999999 0.373328125 0.82496875 0.38082812499999996 0.8144843749999999 0.3838125 0.522109375 0.32534375 0.516125 0.32234375000000004 0.56709375 0.34634375 0.56259375 0.377828125 0.6285624999999999
22 0.40341517812500005 0.5650446421875001 0.402522321875 0.6088616078125 0.40797656250000003 0.6118359375 0.40234375 0.617625 0.40671875 0.622 0.397328125 0.6633281249999999 0.411109375 0.666453125 0.415484375 0.766625 0.42675 0.766625 0.42493181875 0.602606534375 0.4192421875 0.6002578125 0.424875 0.59446875 0.428625 0.533109375 0.38606250000000003 0.533109375 0.3854375 0.56003125 0.40359375000000003 0.55628125 0.41089583281250003 0.562328125 0.40341517812500005 0.5650446421875001
22 0.593121875 0.5884968749999999 0.595534375 0.6039484374999999 0.586915865625 0.6019302890625 0.59190625 0.69728125 0.612421875 0.712109375 0.611215625 0.70438359375 0.612421875 0.704037259375 0.610009375 0.6966578125 0.612421875 0.69596514375 0.612421875 0.687893028125 0.608803125 0.68893203125 0.607596875 0.68120625 0.612421875 0.6798209140625 0.612421875 0.6717487984375 0.606390625 0.67348046875 0.605184375 0.6657546875 0.612421875 0.6636766828125 0.612421875 0.6071718749999999 0.6030625 0.6009375 0.5919156250000001 0.5807710937499999 0.590709375 0.5730453125 0.5997734375 0.5582499999999999 0.61103125 0.559125 0.6090625000000001 0.53728125 0.5882968749999999 0.5375 0.5882968749999999 0.55759375 0.589503125 0.56531953125 0.5865 0.593984375 0.593121875 0.5884968749999999
22 0.622203125 0.665421875 0.629703125 0.7733749999999999 0.643203125 0.776375 0.637203125 0.669921875 0.6551875 0.669921875 0.6521874999999999 0.588953125 0.6506875 0.54996875 0.6551875 0.5289843750000001 0.60871875 0.5289843750000001 0.61171875 0.759875 0.620703125 0.7613749999999999 0.622203125 0.665421875
22 0.6716875 0.6849062499999999 0.7046718750000001 0.6804218750000001 0.706171875 0.5319843750000001 0.703171875 0.5289843750000001 0.6536875 0.5289843750000001 0.6551875 0.809359375 0.6746875 0.8213437499999999 0.6716875 0.6849062499999999
22 0.7496562499999999 0.70915625 0.784125 0.69865625 0.7796406250000001 0.518734375 0.7046718750000001 0.5217343750000001 0.71815625 0.82309375 0.71965625 0.82459375 0.74815625 0.82309375 0.7496562499999999 0.70915625
22 0.7796406250000001 0.8153593750000001 0.802125 0.82584375 0.8306093750000001 0.8213437499999999 0.826109375 0.7988593749999999 0.9385625 0.788359375 0.9415625000000001 0.762875 0.8515937499999999 0.731390625 0.827609375 0.7149062500000001 0.805125 0.70440625 0.893578125 0.57996875 0.9340624999999999 0.56796875 0.9265625 0.5095 0.9250624999999999 0.5035000000000001 0.778140625 0.499 0.782640625 0.752375 0.7751406249999999 0.7403906250000001 0.7796406250000001 0.8153593750000001
27 0.613453125 0.582984375 0.650765625 0.5934375000000001 0.652265625 0.557609375 0.6268906249999999 0.56059375 0.613453125 0.582984375
27 0.396296875 0.5690000000000001 0.40481249999999996 0.55765625 0.38353125 0.558359375 0.38565625 0.561203125 0.38353125 0.571125 0.396296875 0.5690000000000001
27 0.574265625 0.593265625 0.5879218749999999 0.597828125 0.607953125 0.606921875 0.608859375 0.5605 0.5797343749999999 0.5605 0.565171875 0.597828125 0.56971875 0.5996406249999999 0.574265625 0.593265625
22 1 0.5690937500000001 0.999421875 0.487375 0.9985937500000001 0.486546875 0.9985937500000001 0.484875 0.9227187499999999 0.48820312499999996 0.933546875 0.57159375 0.9985937500000001 0.569921875 1 0.5690937500000001
22 0.131625 0.530390625 0.13087500000000002 0.57915625 0.19240625 0.58065625 0.206671875 0.57990625 0.21642187499999999 0.58065625 0.2366875 0.597171875 0.24493749999999997 0.49660937499999996 0.2441875 0.49210937499999996 0.2366875 0.48910937499999996 0.034078125 0.495109375 0.034078125 0.49585937500000005 0.06484375 0.525125 0.131625 0.530390625
27 0.7147187500000001 0.606796875 0.7165781250000001 0.604015625 0.7444375 0.60865625 0.759296875 0.623515625 0.772296875 0.64115625 0.78065625 0.6448750000000001 0.78065625 0.561296875 0.7249375 0.5659375 0.6859375 0.592859375 0.69615625 0.61421875 0.7054375 0.618875 0.7147187500000001 0.606796875
27 0.38796875000000003 0.66846875 0.3600625 0.58021875 0.3404375 0.567390625 0.320828125 0.567390625 0.3178125 0.6835625000000001 0.328375 0.6843125 0.3615625 0.688078125 0.38796875000000003 0.66846875
27 0.39968750000000003 0.64590625 0.40409375000000003 0.6318125 0.40321875 0.6234531249999999 0.39968750000000003 0.61815625 0.40409375000000003 0.6124375 0.415984375 0.6040625000000001 0.426546875 0.592171875 0.43184374999999997 0.58028125 0.40629687499999995 0.558703125 0.381625 0.558265625 0.378109375 0.639296875 0.378109375 0.64503125 0.387796875 0.6793750000000001 0.39396875 0.676296875 0.392203125 0.671015625 0.397484375 0.6586875 0.39968750000000003 0.64590625
27 0 0.806515625 0.08584375 0.8159531250000001 0.110515625 0.8159531250000001 0.13009375 0.78359375 0.13953125 0.78215625 0.1830625 0.78578125 0.218609375 0.7959375 0.22440625 0.7995625000000001 0.23021875 0.8060937499999999 0.25125000000000003 0.794484375 0.28896875 0.699453125 0.289703125 0.6921875 0.294046875 0.657078125 0.294046875 0.64909375 0.21715625 0.5758281249999999 0.12067187500000001 0.5816250000000001 0.05971875 0.583796875 0 0.588875 0.0053124999999999995 0.766625 0 0.7905625 0 0.806515625
27 1 0.557234375 0.9835 0.557234375 0.8936093749999999 0.577984375 0.815828125 0.6920625 0.8262031249999999 0.723171875 0.8694218749999999 0.7439218750000001 0.954109375 0.7698437499999999 0.954109375 0.785390625 0.964484375 0.790578125 1 0.80959375 1 0.768109375 1 0.7404531249999999 1 0.557234375
27 0.42846875000000006 0.6149375 0.432921875 0.611890625 0.43739062500000003 0.605078125 0.43785937500000005 0.59990625 0.42893749999999997 0.5670468750000001 0.42517187500000003 0.566109375 0.425875 0.5668124999999999 0.42493749999999997 0.6149375 0.42846875000000006 0.6149375