11 0.8356718750000001 0.769359375 0.8371718749999999 0.75890625 0.8326874999999999 0.751453125 0.805828125 0.739515625 0.79090625 0.702203125 0.7610625 0.688765625 0.7356874999999999 0.672359375 0.716296875 0.64996875 0.67003125 0.635046875 0.604375 0.635046875 0.59690625 0.648484375 0.571546875 0.6559375000000001 0.07759374999999999 0.64996875 0.064171875 0.6693749999999999 0.068640625 0.721609375 0.04178125 0.77234375 0.04328125 0.79025 0.04925 0.793234375 0.177578125 0.8006875000000001 0.45365625 0.79621875 0.8192656250000001 0.781296875 0.8356718750000001 0.769359375
23 0.56984375 0.327125 0.579171875 0.335359375 0.593984375 0.338109375 0.6060625 0.336453125 0.6131875 0.32603125 0.617578125 0.31121875 0.6131875 0.2996875 0.60440625 0.29035937500000003 0.5912499999999999 0.286515625 0.578078125 0.29035937500000003 0.56875 0.300234375 0.563796875 0.3145 0.56984375 0.327125
49 0.18825 0.648140625 0.187375 0.649609375 0.187078125 0.6516875 0.184703125 0.651984375 0.18440625 0.6540625 0.1838125 0.65553125 0.184109375 0.657609375 0.185296875 0.659390625 0.1861875 0.660578125 0.1861875 0.66234375 0.185296875 0.66353125 0.18559375 0.6641250000000001 0.18678125 0.6641250000000001 0.189734375 0.664421875 0.19329687499999998 0.663828125 0.194765625 0.663828125 0.1950625 0.6629375 0.19565625 0.659390625 0.1950625 0.65790625 0.1950625 0.657609375 0.1950625 0.654953125 0.196546875 0.653765625 0.197140625 0.653171875 0.1950625 0.6522812499999999 0.194765625 0.6516875 0.194171875 0.6493125 0.19446875 0.647546875 0.194171875 0.645765625 0.1918125 0.644578125 0.188546875 0.644578125 0.188546875 0.6448750000000001 0.188546875 0.6451718750000001 0.18825 0.648140625
49 0.238359375 0.6613125 0.23621875 0.660109375 0.234765625 0.658109375 0.2336875 0.65625 0.2325 0.65478125 0.2325 0.653453125 0.232625 0.648921875 0.231296875 0.646125 0.22917187499999997 0.64746875 0.22809374999999998 0.65225 0.226375 0.65625 0.226234375 0.65784375 0.226765625 0.66396875 0.226765625 0.664640625 0.239015625 0.6634375 0.238359375 0.6613125
49 0.3708125 0.6659531249999999 0.36878125 0.662109375 0.367578125 0.662109375 0.365546875 0.6633281249999999 0.364140625 0.665546875 0.363734375 0.66778125 0.367578125 0.66778125 0.3708125 0.66778125 0.3708125 0.6659531249999999
49 0.5970156249999999 0.664140625 0.596734375 0.661671875 0.5935312500000001 0.6607968750000001 0.592515625 0.660515625 0.590046875 0.66225 0.588875 0.66471875 0.588734375 0.66646875 0.588734375 0.6680625 0.596875 0.66778125 0.5970156249999999 0.664140625
49 0.6152031250000001 0.6613749999999999 0.617546875 0.663453125 0.617546875 0.657203125 0.6152031250000001 0.653828125 0.6154531249999999 0.653296875 0.6154531249999999 0.647578125 0.61025 0.645234375 0.606609375 0.6480937499999999 0.6086875 0.653046875 0.605578125 0.655390625 0.6021875 0.66475 0.607921875 0.66553125 0.6112968750000001 0.66059375 0.6152031250000001 0.6613749999999999
49 0.4835 0.6588437500000001 0.482953125 0.657203125 0.4815625 0.6561250000000001 0.479375 0.655578125 0.478984375 0.657828125 0.47796874999999994 0.659703125 0.477125 0.663046875 0.47734375 0.667640625 0.48373437499999994 0.6675625000000001 0.486765625 0.6637500000000001 0.48600000000000004 0.661421875 0.4850625 0.660171875 0.4835 0.6588437500000001
49 0.44368749999999996 0.66353125 0.44196875 0.665125 0.44184375 0.6699375 0.438875 0.6708125 0.43764062499999995 0.674265625 0.45220312500000004 0.673390625 0.44701562499999997 0.66303125 0.44368749999999996 0.66353125
49 0.41440625000000003 0.666109375 0.41364062500000004 0.6677500000000001 0.416140625 0.6690625 0.42176562500000003 0.668328125 0.421296875 0.6655625 0.420390625 0.6644375 0.421484375 0.661578125 0.420890625 0.660078125 0.41790625 0.65953125 0.417171875 0.662125 0.41576562499999997 0.66253125 0.415546875 0.6644375 0.41440625000000003 0.666109375
49 0.2126875 0.6618906250000001 0.21392187499999998 0.66471875 0.218109375 0.665828125 0.22364062499999998 0.663984375 0.222171875 0.659546875 0.220453125 0.653640625 0.22179687499999998 0.6505625 0.2208125 0.648109375 0.21934375 0.647 0.21417187499999998 0.64834375 0.21121875 0.6541406249999999 0.20950000000000002 0.657328125 0.2126875 0.6618906250000001
49 0.56940625 0.65771875 0.565796875 0.65809375 0.5643125 0.65946875 0.5630625 0.6643125000000001 0.5626875 0.6716562500000001 0.572765625 0.67178125 0.57103125 0.6604687499999999 0.57078125 0.65934375 0.56940625 0.65771875
49 0.29125 0.653390625 0.287625 0.6558125 0.28581249999999997 0.667890625 0.299109375 0.664265625 0.297296875 0.655203125 0.29125 0.653390625
11 1 0.6856718749999999 0.9862968750000001 0.71296875 0.9789375 0.71296875 0.97503125 0.71340625 0.971140625 0.718171875 0.971140625 0.71946875 0.9906406249999999 0.73984375 1 0.73896875 1 0.6856718749999999
49 0.12121875 0.65421875 0.12121875 0.64871875 0.11640625 0.648828125 0.11571875000000001 0.6511250000000001 0.114109375 0.655484375 0.11170312499999999 0.659046875 0.1119375 0.667640625 0.11273437500000001 0.667640625 0.120875 0.667296875 0.12121875 0.65421875
49 0.10314062500000001 0.670640625 0.10171875 0.671640625 0.10470312500000001 0.6750625 0.10670312500000001 0.683015625 0.1086875 0.683015625 0.106265625 0.679609375 0.109109375 0.6794687500000001 0.10968750000000001 0.66709375 0.10428124999999999 0.6596875 0.10470312500000001 0.65271875 0.10071875 0.651734375 0.09929687499999999 0.6541406249999999 0.10015624999999999 0.659125 0.0983125 0.66709375 0.10171875 0.6680937499999999 0.10314062500000001 0.670640625
49 0.08125 0.67578125 0.0875 0.68203125 0.096875 0.68203125 0.1015625 0.67421875 0.1015625 0.66953125 0.0984375 0.66796875 0.0984375 0.659375 0.1046875 0.65234375 0.11328125 0.65234375 0.1213541671875 0.66015625 0.1203125 0.67578125 0.125 0.68046875 0.1375 0.67890625 0.140625 0.68203125 0.1609375 0.68359375 0.165625 0.68203125 0.171875 0.67265625 0.1875 0.67265625 0.1921875 0.67734375 0.2015625 0.67734375 0.2109375 0.66484375 0.21171875 0.65625 0.2328125 0.66640625 0.2375 0.66484375 0.2375 0.67109375 0.2640625 0.67109375 0.2734375 0.67578125 0.284375 0.67578125 0.2875 0.67265625 0.29375 0.67578125 0.43125 0.67578125 0.440625 0.67109375 0.45 0.67109375 0.45625 0.67578125 0.4671875 0.67734375 0.496875 0.67734375 0.5015625 0.67421875 0.653125 0.67578125 0.6578125 0.66796875 0.6578125 0.66328125 0.653125 0.65703125 0.61875 0.65703125 0.615625 0.66328125 0.6046875 0.65703125 0.509375 0.65703125 0.5046875 0.65234375 0.4953125 0.65234375 0.4890625 0.65859375 0.465625 0.65546875 0.2984375 0.65703125 0.2984375 0.66484375 0.29111328125 0.66796875 0.2875 0.66796875 0.284375 0.65703125 0.2796875 0.65703125 0.271875 0.65234375 0.2375 0.65234375 0.234375 0.65546875 0.21749999999999997 0.65109375 0.2125 0.64765625 0.2090625 0.64890625 0.2046875 0.63984375 0.200625 0.64671875 0.1953125 0.64140625 0.1921875 0.64453125 0.153125 0.648871528125 0.153125 0.64765625 0.15 0.65078125 0.1453125 0.6497395828125 0.1375 0.6506076390625 0.134375 0.6486979171875 0.1296875 0.6514756937499999 0.1265625 0.64765625 0.121875 0.65234375 0.09375 0.64609375 0.0984375 0.65078125 0.09609375 0.65234375 0.0875 0.65234375 0.084375 0.64609375 0.07890625 0.65234375 0.0703125 0.65234375 0.065625 0.65703125 0.065625 0.66640625 0.075 0.67578125 0.08125 0.67578125