49 0.53446875 0.8550000000000001 0.5165625 0.919875 0.563546875 0.96015625 0.5725 0.9512031249999999 0.5613125 0.91540625 0.57696875 0.870671875 0.58815625 0.8125 0.612765625 0.77446875 0.628421875 0.756578125 0.6619843750000001 0.72078125 0.679875 0.700640625 0.684359375 0.662609375 0.67540625 0.613390625 0.6463281249999999 0.586546875 0.644078125 0.5619375 0.63065625 0.52390625 0.59934375 0.528390625 0.594875 0.559703125 0.592625 0.566421875 0.505390625 0.631296875 0.505390625 0.684984375 0.5367031250000001 0.70959375 0.5456562500000001 0.76328125 0.5613125 0.7946093750000001 0.5165625 0.8281562499999999 0.48525 0.848296875 0.46287500000000004 0.8684218749999999 0.46287500000000004 0.906453125 0.453921875 0.9288281250000001 0.47406249999999994 0.940015625 0.5165625 0.8639531249999999 0.53446875 0.8550000000000001
49 0.8901406250000001 0.32942187500000003 0.8926718749999999 0.344921875 0.8872656250000001 0.362234375 0.8641875000000001 0.36979687499999997 0.8486874999999999 0.379890625 0.8267031250000001 0.38493750000000004 0.807234375 0.40225 0.807953125 0.4224375 0.8147968750000001 0.42856249999999996 0.8223750000000001 0.40981249999999997 0.8267031250000001 0.42459375 0.8288593750000001 0.40189062499999995 0.8461562499999999 0.395390625 0.85878125 0.39864062499999997 0.851578125 0.412703125 0.838953125 0.4224375 0.819484375 0.43253125 0.806875 0.439015625 0.78740625 0.442265625 0.7668437499999999 0.4501875 0.76865625 0.462453125 0.774421875 0.46496875 0.79171875 0.4501875 0.82128125 0.442265625 0.844359375 0.442265625 0.8537343749999999 0.446953125 0.8537343749999999 0.46496875 0.8786093749999999 0.44406249999999997 0.90625 0.44009375000000006 0.90625 0.34564062500000003 0.90625 0.319328125 0.9020468749999999 0.31825000000000003 0.8901406250000001 0.32942187500000003
67 0.7050625 0.73259375 0.719140625 0.71603125 0.722453125 0.6978125000000001 0.707546875 0.687859375 0.6851875 0.677921875 0.662828125 0.676265625 0.635484375 0.684546875 0.590765625 0.71271875 0.560125 0.71271875 0.557640625 0.71603125 0.557640625 0.721828125 0.607328125 0.723484375 0.637140625 0.735078125 0.6719375000000001 0.740046875 0.7050625 0.73259375
22 0.21190625000000002 0.366234375 0.19203125000000001 0.40103125000000006 0.25993750000000004 0.40103125000000006 0.257453125 0.37039062500000003 0.21190625000000002 0.366234375
22 0.276859375 0.399765625 0.29093749999999996 0.39645312499999996 0.30915625 0.39645312499999996 0.32406250000000003 0.39645312499999996 0.329859375 0.40225 0.33399999999999996 0.395625 0.33399999999999996 0.389828125 0.334828125 0.369953125 0.32820312500000004 0.366640625 0.303359375 0.3625 0.287625 0.36746875 0.281828125 0.371609375 0.265265625 0.39728125 0.26360937500000003 0.399765625 0.27354687499999997 0.399765625 0.276859375 0.399765625
22 0.454546875 0.359890625 0.430671875 0.36506249999999996 0.420984375 0.37409375 0.41065625 0.399265625 0.48165625 0.400546875 0.484875 0.36893750000000003 0.478421875 0.361828125 0.454546875 0.359890625
22 0.5294218749999999 0.480953125 0.509078125 0.48306250000000006 0.497859375 0.48656249999999995 0.49084374999999997 0.501296875 0.47681250000000003 0.521625 0.558171875 0.520921875 0.561671875 0.5251406249999999 0.5651875000000001 0.496375 0.563078125 0.48656249999999995 0.54484375 0.480953125 0.5294218749999999 0.480953125
22 0.37820312500000003 0.443984375 0.38203125 0.4341875 0.38289062500000004 0.42184375 0.38415625000000003 0.41375 0.38203125 0.407796875 0.376078125 0.40565625 0.363734375 0.404390625 0.351375 0.40395312499999997 0.33903125 0.40481249999999996 0.328390625 0.40821874999999996 0.32328125 0.41375 0.31859375 0.42142187499999995 0.312203125 0.43248437500000003 0.312203125 0.435046875 0.309234375 0.43759375 0.30625 0.439296875 0.305828125 0.44228125 0.310078125 0.443984375 0.3105 0.442703125 0.36457812500000003 0.442703125 0.370109375 0.450375 0.3765 0.45121874999999995 0.37820312500000003 0.443984375
22 0.259359375 0.400578125 0.232484375 0.43373437499999995 0.305953125 0.44090625 0.311328125 0.405953125 0.259359375 0.400578125
22 0.226578125 0.4426875 0.22868750000000002 0.43918749999999995 0.22868750000000002 0.4140625 0.227984375 0.40778125000000004 0.1881875 0.40707812499999996 0.17421875 0.41335937500000003 0.160953125 0.43640625 0.15537499999999999 0.44337499999999996 0.193078125 0.444078125 0.226578125 0.4426875
22 0.18648437499999998 0.374125 0.180515625 0.371140625 0.170078125 0.36815625 0.152921875 0.36815625 0.144703125 0.36965625 0.13725 0.375625 0.12979687499999998 0.379359375 0.11487499999999999 0.40246875 0.127546875 0.400234375 0.1835 0.399484375 0.18721875 0.40321875 0.18946875000000002 0.38084375000000004 0.18648437499999998 0.374125
22 0.77946875 0.475328125 0.75609375 0.48571875000000003 0.73790625 0.548046875 0.8288125000000001 0.545453125 0.8340156249999999 0.48571875000000003 0.77946875 0.475328125
22 0.60284375 0.470125 0.683359375 0.46753125000000006 0.683359375 0.4415625 0.6444062500000001 0.436359375 0.615828125 0.4415625 0.60284375 0.470125
22 0.61178125 0.520421875 0.62828125 0.51878125 0.6442187500000001 0.523171875 0.64725 0.522078125 0.648078125 0.513 0.648078125 0.493484375 0.645875 0.48606249999999995 0.63184375 0.48276562500000003 0.6128750000000001 0.4805625 0.59803125 0.485515625 0.5845625 0.49128125 0.5840156249999999 0.49128125 0.5680625 0.520140625 0.567796875 0.52234375 0.58759375 0.52096875 0.61178125 0.520421875
22 0.477453125 0.46409374999999997 0.534875 0.462859375 0.534875 0.47692187500000005 0.538546875 0.47692187500000005 0.56175 0.370625 0.534875 0.3571875 0.5092187499999999 0.36390625 0.497 0.37307812500000004 0.481734375 0.39934375 0.462796875 0.45187499999999997 0.45790625 0.478140625 0.477453125 0.46409374999999997
22 0.33328125000000003 0.40134375 0.33328125000000003 0.404328125 0.34446875 0.40134375 0.35640625 0.404328125 0.36834375 0.404328125 0.3720625 0.4058125 0.38325 0.408046875 0.38475000000000004 0.408796875 0.387734375 0.41103125 0.387734375 0.413265625 0.38921875 0.42818750000000005 0.399671875 0.420734375 0.399671875 0.41103125 0.408609375 0.40059374999999997 0.408609375 0.397609375 0.408609375 0.38865625000000004 0.408609375 0.386421875 0.407125 0.375234375 0.407125 0.37225 0.404140625 0.36478125 0.392953125 0.36478125 0.38325 0.36329687499999996 0.371328125 0.36329687499999996 0.35939062499999996 0.36703125000000003 0.35490625 0.367765625 0.34745312500000003 0.375234375 0.34700000000000003 0.378859375 0.337171875 0.391640625 0.33849999999999997 0.39909374999999997 0.3325 0.396765625 0.33925 0.39984375 0.33328125000000003 0.40134375
22 0.134375 0.5546875 0.1625 0.553125 0.16875 0.55625 0.190625 0.55625 0.20625 0.5484375 0.23125 0.5484375 0.246875 0.5421875 0.2515625 0.5375 0.2796875 0.5390625 0.290625 0.534375 0.296875 0.534375 0.303125 0.5375 0.33125 0.5359375 0.3453125 0.5421875 0.3671875 0.5421875 0.3765625 0.5390625 0.3859375 0.5484375 0.3953125 0.553125 0.4046875 0.55625 0.4265625 0.55625 0.4484375 0.5453125 0.45625 0.5375 0.4640625 0.5234375 0.4671875 0.5 0.4640625 0.484375 0.45625 0.471875 0.449262153125 0.44735243125 0.45078125 0.446875 0.45692274375 0.44919704843749997 0.6484375 0.4953125 0.6647017046875 0.5089488640625001 0.6453125 0.5234375 0.6453125 0.5296875 0.65 0.5390625 0.659375 0.5484375 0.6734375 0.5546875 0.709375 0.5578125 0.721875 0.553125 0.734375 0.540625 0.7390625 0.53125 0.740625 0.5078125 0.753125 0.4953125 0.75625 0.4859375 0.778125 0.4765625 0.8328125 0.4859375 0.8328125 0.5015625 0.8375 0.5171875 0.8421875 0.5265625 0.8515625 0.5359375 0.865625 0.5421875 0.8828125 0.5421875 0.8953125 0.5375 0.9046875 0.5296875 0.9046875 0.4421875 0.8890625 0.4390625 0.884375 0.440625 0.8625 0.425 0.86875 0.4109375 0.865625 0.3921875 0.878125 0.3828125 0.88125 0.3734375 0.878125 0.3578125 0.8703125 0.35 0.8609375 0.346875 0.83125 0.3484375 0.8234375 0.3546875 0.809375 0.35625 0.7984375 0.365625 0.7921875 0.365625 0.7875 0.36875 0.771875 0.3890625 0.759375 0.3828125 0.746875 0.38125 0.7328125 0.384375 0.7234375 0.390625 0.709375 0.3921875 0.6984375 0.396875 0.6875 0.4078125 0.68125 0.421875 0.68125 0.4390625 0.684375 0.4484375 0.6828125 0.46875 0.6703125 0.46875 0.65390625 0.488671875 0.4703125 0.4265625 0.4734375 0.4171875 0.4703125 0.4015625 0.4109375 0.3984375 0.403125 0.4109375 0.3859375 0.4109375 0.3053938875 0.40107109999999996 0.3037109375 0.4123046875 0.296050346875 0.41046006874999996 0.29733952656249996 0.40008445937500003 0.28956925624999996 0.39923986562499997 0.28838975625 0.4086154515625 0.28072916718749996 0.4067708328125 0.28179898593749997 0.3983952703125 0.274028715625 0.397550675 0.2730685765625 0.40492621562500003 0.2662584453125 0.39670608125 0.2654079859375 0.403081596875 0.258488175 0.3958614859375 0.2577473953125 0.40123697968750005 0.2507179046875 0.3950168921875 0.25008680625 0.39939236093749997 0.24294763437500003 0.394172296875 0.24242621562500002 0.39754774375 0.23517736562499997 0.393327703125 0.234765625 0.395703125 0.227105034375 0.39385850625 0.22740709531249997 0.3924831078125 0.21963682499999998 0.3916385140625 0.21963682499999998 0.389738175 0.21186655468749999 0.39079391874999997 0.21186655468749999 0.3881334453125 0.2041232640625 0.38832465312500003 0.204096284375 0.386528715625 0.19646267343749999 0.386480034375 0.1963260140625 0.3849239859375 0.1888020828125 0.3846354171875 0.18855574375 0.38331925624999996 0.18114149375 0.38279079843749997 0.1807854734375 0.3817145265625 0.173480903125 0.38094618125 0.1351779515625 0.37172309062500003 0.128125 0.3734375 0.1275173609375 0.369878471875 0.1234375 0.365625 0.1198567703125 0.3680338546875 0.115625 0.3609375 0.11219618125 0.36618923593749997 0.10625 0.359375 0.104535590625 0.36434461875 0.096875 0.3625 0.095546875 0.4953125 0.0953125 0.51875 0.103125 0.534375 0.115625 0.546875 0.134375 0.5546875