24 0.64078 0.8125087499999999 0.6364799999999999 0.79962875 0.62218 0.77958875 0.61216 0.77386875 0.6093 0.76384875 0.522 0.69086875 0.5062599999999999 0.68944875 0.48766 0.68944875 0.46762 0.69086875 0.45187999999999995 0.69658875 0.44471999999999995 0.7008887500000001 0.43470000000000003 0.71090875 0.40465999999999996 0.76672875 0.37032 0.76958875 0.29159999999999997 0.7781687500000001 0.27586 0.7781687500000001 0.26583999999999997 0.78532875 0.26442 0.79676875 0.26728 0.82682875 0.26583999999999997 0.8296887500000001 0.63934 0.83196875 0.64078 0.8125087499999999
22 0.33146 0.5849087500000001 0.3368 0.58372875 0.33384 0.61168875 0.33740000000000003 0.61466875 0.34098 0.58550875 0.35882000000000003 0.58550875 0.36536 0.58848875 0.36716000000000004 0.60276875 0.37132 0.62298875 0.37608 0.62894875 0.37786 0.62656875 0.37370000000000003 0.61108875 0.37548 0.58312875 0.37964000000000003 0.57716875 0.37964000000000003 0.58550875 0.38201999999999997 0.60990875 0.38856 0.61286875 0.38798 0.6093087500000001 0.38322 0.59740875 0.38322 0.57002875 0.38678 0.55872875 0.34514 0.56110875 0.3386 0.56110875 0.33204 0.54564875 0.3267 0.53552875 0.33442 0.53194875 0.3267 0.51112875 0.31718 0.5194687499999999 0.30884 0.5182687500000001 0.3136 0.5367087500000001 0.31598000000000004 0.55396875 0.32432 0.57896875 0.32194 0.62238875 0.32372 0.62536875 0.32788 0.62418875 0.33146 0.5849087500000001
22 0.34604 0.54126875 0.34858 0.54662875 0.34208 0.55878875 0.35114 0.55340875 0.3551 0.55680875 0.35282 0.56160875 0.36272000000000004 0.55962875 0.34068 0.52570875 0.33982 0.51920875 0.34944000000000003 0.52146875 0.3551 0.51864875 0.34944000000000003 0.5158087499999999 0.3548 0.51186875 0.35424 0.50620875 0.34746 0.50196875 0.34321999999999997 0.5070487499999999 0.33672 0.50818875 0.33586 0.50676875 0.33248 0.50676875 0.32964000000000004 0.50958875 0.33616 0.51976875 0.33898 0.54096875 0.34604 0.54126875
22 0.40514 0.63648875 0.40428 0.59568875 0.4077 0.59740875 0.409 0.62016875 0.41372 0.6206087499999999 0.41158 0.59182875 0.41544 0.59052875 0.4485 0.5931087500000001 0.44636 0.6270487499999999 0.44722 0.63734875 0.45237999999999995 0.63648875 0.45366 0.62962875 0.45366 0.62188875 0.45410000000000006 0.61544875 0.45366 0.60298875 0.4528 0.58796875 0.45666 0.58452875 0.45968 0.58066875 0.4614 0.57936875 0.46396 0.5746487499999999 0.46054000000000006 0.56992875 0.4614 0.56690875 0.45881999999999995 0.56390875 0.45065999999999995 0.56348875 0.44722 0.52610875 0.44421999999999995 0.52182875 0.43992000000000003 0.52568875 0.42832 0.52696875 0.41500000000000004 0.52696875 0.40986 0.52696875 0.4004 0.52482875 0.39354 0.52396875 0.40126 0.63692875 0.40514 0.63648875
27 0.3243 0.53816875 0.49185999999999996 0.5405487499999999 0.49306 0.51490875 0.482886 0.51640675 0.482146665625 0.514255415625 0.47451999999999994 0.5216087500000001 0.47123333437500003 0.513602084375 0.46821999999999997 0.52082875 0.46387999999999996 0.5180687500000001 0.46032 0.51294875 0.45236400000000004 0.52090075 0.45402 0.52830875 0.44928 0.53028875 0.44218999999999997 0.52239875 0.43201599999999996 0.52389675 0.42918 0.51254875 0.42444 0.51846875 0.417746665625 0.512942084375 0.40631333437499995 0.5133354156250001 0.41340000000000005 0.5235887499999999 0.411668 0.52689275 0.401494 0.52839075 0.39764 0.52476875 0.39249999999999996 0.52476875 0.39488 0.5137287500000001 0.3645 0.51332875 0.34341 0.52436875 0.332865 0.52988875 0.33690000000000003 0.53816875 0.32232 0.53540875 0.3243 0.53816875
12 0.026860000000000002 0.60838875 0.01484 0.61874875 0.026860000000000002 0.61774875 0.04022 0.6194087500000001 0.047560000000000005 0.6073887499999999 0.026860000000000002 0.60838875
77 0.58354 0.72272875 0.5926 0.71818875 0.59406 0.72580875 0.60422 0.71890875 0.60494 0.7160087500000001 0.601193334375 0.70838875 0.60422 0.70512875 0.6056600000000001 0.69822875 0.600706665625 0.69532875 0.60856 0.68262875 0.60022 0.68226875 0.5978600000000001 0.67927375 0.5926 0.67864875 0.58026 0.67356875 0.5781 0.66884875 0.57646 0.67256375 0.57048 0.66738875 0.56576 0.66920875 0.57228 0.69932875 0.57302 0.71964875 0.58354 0.72272875
22 0.35944 0.76182875 0.3694 0.75957875 0.370913334375 0.763342084375 0.368265 0.77044875 0.37936000000000003 0.76818875 0.382386665625 0.764855415625 0.39386 0.76636875 0.41016 0.75368875 0.405405 0.74372375 0.41718 0.7450837499999999 0.45908 0.69570875 0.5089 0.68030875 0.54242 0.70748875 0.57684 0.59696875 0.5234 0.54986875 0.5052800000000001 0.54896875 0.48806000000000005 0.6187087499999999 0.47538 0.63500875 0.43823999999999996 0.63500875 0.37756 0.63230875 0.37574 0.64406875 0.38662 0.65040875 0.38842 0.65766875 0.3848 0.66944875 0.37687499999999996 0.68393375 0.37212 0.68846875 0.37029999999999996 0.68392875 0.37212 0.67396875 0.36306 0.66944875 0.34765999999999997 0.69480875 0.344265 0.70680875 0.33408000000000004 0.74280875 0.33498 0.77722875 0.35717 0.7727087499999999 0.35944 0.76182875
22 0.64306 0.81476875 0.6236200000000001 0.77886875 0.5144599999999999 0.68316875 0.45612 0.69362875 0.40228 0.7684087500000001 0.27368000000000003 0.7803687499999999 0.26172 0.82224875 0.62512 0.8252487500000001 0.64306 0.81476875
12 0.6479199999999999 0.67656875 0.64596 0.67776875 0.64634 0.74636875 0.65384 0.74518875 0.657 0.6773687500000001 0.6479199999999999 0.67656875
12 0.6365000000000001 0.7614687499999999 0.6376000000000001 0.68776875 0.63706 0.68776875 0.62716 0.68776875 0.6233 0.75926875 0.6277 0.75926875 0.6365000000000001 0.7614687499999999
51 0.599826665625 0.6078487499999999 0.60626 0.61382375 0.596803334375 0.61842875 0.5969599999999999 0.62674875 0.59378 0.62900875 0.59635555625 0.63742875 0.59575111171875 0.64810875 0.58108 0.63944875 0.56748 0.62810875 0.55072 0.64578875 0.55252 0.67118875 0.55888 0.68614875 0.56704 0.68930875 0.5625 0.69430875 0.57202 0.70518875 0.5751999999999999 0.7228687500000001 0.60422 0.7228687500000001 0.5991628578125 0.7128344640625001 0.605273334375 0.71198875 0.6000057140624999 0.7023401781249999 0.6063266656249999 0.7011087500000001 0.6008485718750001 0.6918458921874999 0.6219 0.68976875 0.6255200000000001 0.68070875 0.6219 0.67026875 0.6255200000000001 0.6625687499999999 0.62598 0.63218875 0.61918 0.62220875 0.62642 0.61268875 0.63594 0.59318875 0.620833334375 0.574455415625 0.61026 0.577622084375 0.608896665625 0.5761087500000001 0.60285 0.59726875 0.60694 0.60180875 0.599826665625 0.6078487499999999
77 0.46676 0.44480875 0.46534000000000003 0.45090874999999997 0.46628 0.45698875 0.46184000000000003 0.45746875 0.46112000000000003 0.46660874999999996 0.46512000000000003 0.46660874999999996 0.46816 0.47152874999999994 0.47190000000000004 0.47596875 0.47096 0.48158874999999995 0.46628 0.48534875 0.47496 0.48768874999999995 0.48784 0.48744875 0.48760000000000003 0.48346875 0.48362 0.48066875 0.48338000000000003 0.47502875 0.48760000000000003 0.47034875 0.489 0.46590875 0.48994 0.45770875 0.49112 0.44762874999999996 0.48807999999999996 0.44574875 0.48456 0.44386875000000003 0.48432000000000003 0.44082875 0.4848 0.43708875 0.48502 0.43332875 0.48034 0.43286875 0.47004 0.43238875 0.47308000000000006 0.43520875 0.47424 0.43872875 0.47168 0.44294874999999995 0.47308000000000006 0.44480875 0.46676 0.44480875
77 0.44164000000000003 0.52452875 0.44592 0.52452875 0.4506 0.52096875 0.45388 0.5151287499999999 0.4516 0.51200875 0.44378 0.51172875 0.43696 0.51228875 0.43368 0.5147087499999999 0.43354 0.5147087499999999 0.43382 0.51896875 0.4354 0.52182875 0.43823999999999996 0.5238087499999999 0.44164000000000003 0.52452875
23 0.58354 0.39634874999999997 0.5900000000000001 0.38642875 0.5898 0.38276875 0.58914 0.36982875000000004 0.58312 0.36422875 0.5725399999999999 0.36056875 0.55918 0.36292875 0.55422 0.36658875 0.55164 0.37242875 0.55164 0.37952875 0.5546599999999999 0.38794875 0.5583199999999999 0.39590875 0.5594 0.39612875000000003 0.5727599999999999 0.40174875 0.58354 0.39634874999999997