75 0.42679999999999996 0.86108 0.4902 0.8518000000000001 0.5366 0.8147 0.62474 0.79304 0.6278400000000001 0.7079799999999999 0.6324799999999999 0.51006 0.6232 0.4652 0.5397000000000001 0.4652 0.4067 0.46365999999999996 0.21186 0.4652 0.21339999999999998 0.50386 0.21186 0.6384000000000001 0.23041999999999999 0.81778 0.3201 0.8193199999999999 0.30154000000000003 0.8317 0.3201 0.84562 0.42679999999999996 0.86108
13 0.1484 0.85228 0.17507999999999999 0.86134 0.20478000000000002 0.85982 0.21736 0.8487600000000001 0.22492 0.82258 0.22692 0.8185399999999999 0.21636000000000002 0.6463599999999999 0.20076 0.6383 0.18968000000000002 0.6302399999999999 0.17962 0.6378 0.16502 0.6388 0.1469 0.6453599999999999 0.14538 0.6508 0.14438 0.6699200000000001 0.1338 0.6840200000000001 0.13582 0.8417 0.1484 0.85228
12 0.7165600000000001 0.37212 0.71842 0.44642 0.72004 0.45572 0.71864 0.46421999999999997 0.72816 0.4643 0.72434 0.36960000000000004 0.7165600000000001 0.37212
12 0.90244 0.44896 0.8973000000000001 0.35750000000000004 0.80984 0.3655 0.80984 0.37008 0.8064199999999999 0.48382 0.84928 0.48268000000000005 0.8327199999999999 0.45182 0.90244 0.44896
12 0.6655800000000001 0.46782 0.6768 0.46159999999999995 0.67244 0.37195999999999996 0.66622 0.37132 0.6643399999999999 0.41802 0.6655800000000001 0.46782
12 0.67534 0.37378 0.67534 0.46841999999999995 0.68556 0.46798 0.68288 0.37066 0.67534 0.37378
12 0.68586 0.37408 0.68654 0.46790000000000004 0.69734 0.46858000000000005 0.6987 0.37542 0.68586 0.37408
12 0.71556 0.66288 0.67772 0.63766 0.66462 0.64348 0.69906 0.6687000000000001 0.70538 0.75166 0.72332 0.75166 0.71556 0.66288
12 0.6967 0.38078 0.6967 0.4665 0.7066 0.46596000000000004 0.7043999999999999 0.46376 0.71208 0.39615999999999996 0.70494 0.36978 0.6945 0.36868 0.6967 0.38078
12 0.6784399999999999 0.46778000000000003 0.68742 0.46734 0.74306 0.46734 0.74082 0.38746 0.74262 0.37757999999999997 0.7619 0.3758 0.79108 0.3767 0.79826 0.38612 0.7987 0.46418 0.80722 0.46554 0.80672 0.36985999999999997 0.6631199999999999 0.37032 0.66498 0.46778000000000003 0.6771 0.46374000000000004 0.6784399999999999 0.46778000000000003
12 0.646018 0.8407859999999999 0.68849 0.8522500000000001 0.66404 0.80252 0.65688 0.8113699999999999 0.652665 0.8037850000000001 0.61854 0.80758 0.5865199999999999 0.81432 0.58399 0.82781 0.5814600000000001 0.8413 0.6 0.86152 0.64214 0.86488 0.646018 0.8407859999999999
12 0.76348 0.8244400000000001 0.747055 0.856045 0.68849 0.8522500000000001 0.74158 0.8665800000000001 0.81404 0.86488 0.82584 0.8547800000000001 0.76348 0.8244400000000001
66 0.46934 0.21564 0.48242 0.20337999999999998 0.45952000000000004 0.17886 0.46033999999999997 0.1666 0.46441999999999994 0.15760000000000002 0.45544 0.14614 0.45461999999999997 0.13798 0.44726 0.13144 0.43254000000000004 0.1347 0.43743999999999994 0.14206000000000002 0.4121 0.13798 0.3982 0.14534 0.39002 0.1625 0.39002 0.17068 0.39902000000000004 0.18704 0.40064 0.19684 0.38594 0.22138 0.38756 0.23607999999999998 0.39738 0.23772000000000001 0.40064 0.21156000000000003 0.40392 0.20748000000000003 0.45298 0.20666 0.46934 0.21564
14 0.38216 0.30846 0.38972 0.27816 0.38662 0.27193999999999996 0.36078 0.26926 0.32204 0.27016 0.30868 0.27372 0.31178 0.27637999999999996 0.31623999999999997 0.30668 0.32158000000000003 0.31558 0.35409999999999997 0.31692 0.38216 0.30846
45 0.26671999999999996 0.8401400000000001 0.2549 0.83918 0.24756 0.84078 0.2434 0.84046 0.2383 0.83918 0.23062 0.8401400000000001 0.22360000000000002 0.8411 0.21882000000000001 0.84812 0.21305999999999997 0.8516400000000001 0.20539999999999997 0.8567600000000001 0.19966 0.86442 0.19678 0.8733599999999999 0.26766 0.87464 0.26798 0.86952 0.26894 0.8634600000000001 0.26798 0.8529199999999999 0.26704 0.85036 0.26798 0.84238 0.26671999999999996 0.8401400000000001
12 0.28246000000000004 0.30684 0.17646 0.30619999999999997 0.17518 0.30812 0.17646 0.3126 0.17709999999999998 0.31674 0.17742 0.31482 0.28182 0.31642000000000003 0.28406 0.3161 0.2847 0.30716 0.28246000000000004 0.30684
12 0.17348 0.31548 0.17252 0.3225 0.17443999999999998 0.32538 0.28332 0.32474 0.28364 0.31706 0.17507999999999999 0.31484 0.17348 0.31548
12 0.28472 0.32574000000000003 0.17726 0.327 0.17978 0.33332 0.28472 0.33521999999999996 0.28472 0.32574000000000003
66 0.7834399999999999 0.24298000000000003 0.77864 0.25812 0.77532 0.26918000000000003 0.77458 0.28506 0.7708999999999999 0.29392 0.78196 0.29982000000000003 0.79414 0.30056 0.80596 0.29872 0.8148199999999999 0.3035 0.82994 0.3024 0.8443400000000001 0.30166 0.8506199999999999 0.30091999999999997 0.8506199999999999 0.29466000000000003 0.83734 0.29134000000000004 0.834 0.27988 0.82774 0.26624 0.82072 0.24888 0.8196199999999999 0.23782 0.8211 0.23154 0.8236800000000001 0.21972 0.8236800000000001 0.21492 0.81924 0.20718 0.8111200000000001 0.19758 0.7996800000000001 0.195 0.78382 0.19316 0.78308 0.20718 0.78196 0.21972 0.77864 0.23006000000000001 0.7834399999999999 0.24298000000000003
12 0.28325999999999996 0.335 0.18028 0.33598 0.1778 0.34192 0.28524 0.34540000000000004 0.28325999999999996 0.335
13 0.46609999999999996 0.35032 0.46006 0.2712 0.45644 0.22046000000000002 0.41838 0.2271 0.41898 0.23616 0.42140000000000005 0.29234 0.41174 0.34487999999999996 0.41536 0.35274 0.46609999999999996 0.35032
12 0.744 0.867 0.744 0.8630000000000001 0.764 0.825 0.794 0.841 0.808 0.8310000000000001 0.8119999999999999 0.8210000000000001 0.8119999999999999 0.805 0.818 0.779 0.826 0.765 0.826 0.749 0.8220000000000001 0.735 0.8140000000000001 0.725 0.8099999999999999 0.725 0.78 0.6990000000000001 0.762 0.6990000000000001 0.746 0.713 0.738 0.7150000000000001 0.736 0.697 0.728 0.683 0.7 0.683 0.6980000000000001 0.669 0.6679999999999999 0.647 0.658 0.649 0.648 0.659 0.646 0.665 0.65 0.743 0.654 0.753 0.6639999999999999 0.763 0.6759999999999999 0.767 0.661625 0.7927500000000001 0.6639999999999999 0.8009999999999999 0.6565000000000001 0.8019999999999999 0.662 0.807 0.658 0.8109999999999999 0.651375 0.81125 0.6559999999999999 0.8130000000000001 0.65 0.8210000000000001 0.64625 0.8205 0.648 0.827 0.641125 0.82975 0.636 0.8390000000000001 0.642 0.867 0.6639999999999999 0.875 0.75 0.875 0.756 0.867 0.744 0.867