49 0.10794 0.7026074999999999 0.11157999999999998 0.7224475 0.12416 0.7224475 0.12514 0.7184875 0.11654 0.6916875 0.11786 0.6860674999999999 0.12250000000000001 0.6701875 0.1129 0.6447075 0.11786 0.6460275 0.11786 0.6354474999999999 0.11554 0.6225475 0.1086 0.6218874999999999 0.09469999999999999 0.6241875 0.09172 0.6311475 0.09636 0.6407475 0.09469999999999999 0.6470275 0.0957 0.6576075 0.09372 0.6768075 0.0957 0.6844075000000001 0.09504 0.6963275 0.10066 0.7184875 0.09272 0.7231275 0.09272 0.7267675 0.1096 0.7257675 0.10794 0.7026074999999999
49 0.41078000000000003 0.6918475 0.40696000000000004 0.6710475 0.41174 0.6906475000000001 0.4225 0.6920875 0.41891999999999996 0.6861075 0.41342 0.6657875 0.41318 0.6485875 0.41628 0.6263475 0.40648 0.6136874999999999 0.40026 0.6167875 0.39884 0.6268275 0.39117999999999997 0.6478675 0.39812 0.6504875 0.39764 0.6540675 0.39908 0.6825275000000001 0.39548 0.6815675 0.39548 0.6877875 0.41078000000000003 0.6918475
49 0.48512000000000005 0.5438075 0.47868000000000005 0.5472675 0.4789 0.5573675 0.4819 0.5578274999999999 0.48144 0.5622075 0.48098 0.5792075 0.47729999999999995 0.5842674999999999 0.47706 0.5847275 0.48602 0.5847275 0.48602 0.5670275 0.48810000000000003 0.5665675 0.48832000000000003 0.5847275 0.49316000000000004 0.5831075 0.492 0.5566875 0.49614 0.5559875 0.49568 0.5502475 0.49132 0.5445075 0.492 0.5403675 0.49108 0.5378475 0.48558 0.5376075 0.48512000000000005 0.5438075
49 0.36218 0.6461075000000001 0.3592 0.6790275 0.3592 0.6850275 0.37116 0.6835275000000001 0.36966 0.6550874999999999 0.38464 0.6925074999999999 0.39361999999999997 0.6880075 0.38164 0.6476075 0.38614000000000004 0.6326475 0.38464 0.6191675 0.37266 0.6071875 0.37266 0.6131875 0.37116 0.6221675 0.36518 0.6356275 0.36068 0.6386275 0.36218 0.6461075000000001
59 0.36766 0.6886875 0.371645 0.6925525 0.37978 0.6881475 0.38364 0.6942075 0.38805999999999996 0.6881475 0.39578 0.6897875 0.39578 0.6881475 0.37482000000000004 0.6853875 0.36489 0.6881475 0.33565999999999996 0.6875875 0.35964999999999997 0.6908974999999999 0.36766 0.6886875
49 0.44202 0.6407675 0.44329999999999997 0.6347475 0.4476 0.6240075 0.44846 0.6188475 0.44588 0.6145475 0.44029999999999997 0.6046674999999999 0.43987999999999994 0.5973675 0.43644 0.5960675 0.42956000000000005 0.5969274999999999 0.42869999999999997 0.6025275 0.43170000000000003 0.6102475 0.4274 0.6128275000000001 0.42698 0.6248675 0.42182000000000003 0.6261675 0.4201 0.6291675 0.4231 0.6308874999999999 0.42654 0.6296075 0.42998000000000003 0.6480875 0.433 0.6652675 0.42784000000000005 0.6652675 0.42654 0.6704275 0.4476 0.6721475 0.44673999999999997 0.6687075 0.44673999999999997 0.6639875 0.44202 0.6407675
49 0.9347200000000001 0.5613275 0.93658 0.5579475 0.93812 0.5545475 0.9378 0.5487075 0.93566 0.5453075000000001 0.9338 0.5419275 0.93164 0.5369875000000001 0.92918 0.5348275 0.9251799999999999 0.5354475 0.92394 0.5409875000000001 0.92302 0.5431475 0.92056 0.5477675 0.9196199999999999 0.5517875 0.9193199999999999 0.5548675000000001 0.92086 0.5610275 0.92272 0.5622675 0.92364 0.5650275 0.92364 0.5678075 0.92332 0.5715075 0.9263999999999999 0.5804475 0.93258 0.5807475 0.9328799999999999 0.5792075 0.9341200000000001 0.5715075 0.93442 0.5687274999999999 0.93442 0.5619475 0.9347200000000001 0.5613275
49 0.5182599999999999 0.5669275 0.51996 0.5652275 0.5211 0.5609675000000001 0.51912 0.5570075 0.52024 0.5544475 0.5194 0.5493475 0.5174000000000001 0.5467875 0.5174000000000001 0.5436675 0.51656 0.5405475 0.5100399999999999 0.5399875 0.50946 0.5422675 0.50976 0.5456675 0.51088 0.5499075 0.50976 0.5513275 0.51032 0.5578475 0.50494 0.5595475000000001 0.50606 0.5629675 0.50834 0.5652275 0.5105999999999999 0.5677875 0.51118 0.5691875 0.51174 0.5734475 0.50976 0.5799675 0.5105999999999999 0.5847875 0.52166 0.5842275 0.52394 0.5836675 0.52082 0.5799675 0.5182599999999999 0.5728875 0.51798 0.5694874999999999 0.5182599999999999 0.5669275
49 0.6013 0.5207075 0.60232 0.5158275 0.6037399999999999 0.5129875 0.60416 0.5184875 0.60416 0.5215275 0.60578 0.5255875 0.6061799999999999 0.5284475 0.6086199999999999 0.5264075 0.6086199999999999 0.5241675 0.60802 0.5158275 0.6063799999999999 0.5101475 0.6088199999999999 0.5038475 0.60842 0.5001875 0.60334 0.4967275 0.6009 0.49346750000000006 0.59866 0.49590750000000006 0.59928 0.49834750000000005 0.59724 0.4987475 0.59642 0.5028275 0.59602 0.5070875 0.59704 0.5097275 0.59724 0.5115675000000001 0.59764 0.5160475 0.59764 0.5178675 0.59684 0.5243675 0.59846 0.5272275 0.6013 0.5270075000000001 0.6013 0.5207075
49 0.75926 0.5221875 0.7594000000000001 0.5143475 0.76432 0.5254274999999999 0.7666999999999999 0.5254274999999999 0.76698 0.5205075 0.7640399999999999 0.5130874999999999 0.7640399999999999 0.5115475 0.7640399999999999 0.5077675 0.76362 0.5037075 0.76194 0.4996275 0.75996 0.4975275 0.75702 0.4954275 0.75044 0.5034275 0.7512800000000001 0.5094475 0.7531 0.5095875000000001 0.7559 0.5094475 0.7560399999999999 0.5144875 0.7538 0.5217674999999999 0.7524 0.5254274999999999 0.75898 0.5254274999999999 0.75926 0.5221875
49 0.77964 0.5961675 0.78096 0.5817475 0.7839 0.5820675 0.78194 0.5964875000000001 0.79014 0.5955075 0.79078 0.5653475 0.7917799999999999 0.5647075 0.79406 0.5614275 0.79538 0.5545475 0.79276 0.5525675 0.79112 0.5561675 0.78686 0.5535475 0.7885 0.5496274999999999 0.78456 0.5447075 0.7776799999999999 0.5617475 0.77604 0.5932275 0.77964 0.5961675
59 0.60694 0.6053075 0.6108399999999999 0.6111875 0.62454 0.6023875000000001 0.62112 0.5999275 0.6128 0.5999275 0.6074200000000001 0.6043275 0.60352 0.5994475 0.59764 0.5994475 0.59226 0.6028675 0.59374 0.6077675 0.6049800000000001 0.6067875 0.60694 0.6053075
59 0.67972 0.6110875 0.6855 0.6110875 0.6909 0.608874165625 0.69296 0.6110875 0.70208 0.606660834375 0.71036 0.6065275 0.71326 0.6044475 0.70746 0.6028075 0.69296 0.6065275 0.68676 0.6015475 0.6834399999999999 0.6065275 0.6793 0.6011475 0.6735 0.6032075 0.67432 0.6081875 0.67888 0.6073475 0.67972 0.6110875
49 0.30569999999999997 0.6207275 0.30316 0.6247874999999999 0.2981 0.6440275 0.30266000000000004 0.6475675 0.30468 0.6627675 0.30974 0.6891075 0.30366 0.6946675 0.33102 0.6997275000000001 0.32392 0.6845475000000001 0.32088 0.6744074999999999 0.31886000000000003 0.6632675 0.32292 0.6501075000000001 0.32292 0.6450475 0.32646000000000003 0.6409875 0.32848 0.6344075 0.32696000000000003 0.6263075 0.31936 0.6222475000000001 0.31836000000000003 0.6106075 0.31126 0.6080675 0.31026 0.6080675 0.30418 0.6151475 0.30569999999999997 0.6207275
49 0.45788 0.6452074999999999 0.45994 0.6370075 0.45994 0.6264075 0.46302000000000004 0.6188875 0.46336000000000005 0.6137675 0.45994 0.6065875000000001 0.45926 0.6014675 0.45583999999999997 0.5953275 0.45242000000000004 0.5963475 0.45002000000000003 0.5994275 0.4514 0.6055675 0.4514 0.6093275 0.44934 0.6103475 0.44798 0.6151475 0.44798 0.6188875 0.44661999999999996 0.6274474999999999 0.44695999999999997 0.6380275 0.44764 0.6452074999999999 0.449 0.6554475 0.45036 0.6609275 0.45002000000000003 0.6633074999999999 0.44832 0.6646875 0.44764 0.6670675 0.45892 0.6704875 0.46574 0.6698075 0.46163999999999994 0.6568275 0.45788 0.6452074999999999
49 0.89872 0.5806675 0.89872 0.5790075 0.89872 0.5752675 0.89872 0.5698875 0.9006000000000001 0.5676075 0.90122 0.5804674999999999 0.9014200000000001 0.5827475 0.90432 0.5819075 0.9049400000000001 0.5796275 0.90578 0.5775475 0.9049400000000001 0.5644875 0.90682 0.5593075 0.90744 0.5570275 0.90952 0.5541075 0.90952 0.5514275 0.90826 0.5472675 0.9061999999999999 0.5433275 0.9035 0.5408475 0.90328 0.5381475 0.90184 0.5358674999999999 0.89894 0.5354475 0.89728 0.5373075 0.89666 0.5410475 0.89416 0.5431275 0.8923 0.5472675 0.89168 0.5532874999999999 0.89354 0.5590875 0.8952 0.5617875 0.8952 0.5642875 0.89416 0.5707074999999999 0.89334 0.5767275 0.8947800000000001 0.5804674999999999 0.89666 0.5819075 0.89748 0.5815075000000001 0.89872 0.5806675
59 0.30424 0.6934475 0.29406 0.6933275 0.2925 0.6911075 0.28414 0.6907075 0.28558 0.6959275 0.33938 0.6992075 0.33976 0.6968475 0.3053 0.6961875 0.30424 0.6934475
59 0.15656 0.7233674999999999 0.15611999999999998 0.7205475 0.13169999999999998 0.7240075 0.10726 0.7257475 0.08952 0.7279074999999999 0.0692 0.7292075 0.061419999999999995 0.7296275 0.06163999999999999 0.7320075 0.06488000000000001 0.7330875 0.10640000000000001 0.7283275 0.13557999999999998 0.7259475 0.15224 0.7248675 0.15656 0.7233674999999999
59 0.4131 0.6908274999999999 0.42148 0.6913674999999999 0.42458 0.6941075 0.42878 0.6913674999999999 0.40437 0.6883675 0.39361999999999997 0.6853675 0.39308 0.6871875000000001 0.40336 0.6880975 0.40982 0.6939275 0.4131 0.6908274999999999
59 0.43902 0.6717675 0.43949999999999995 0.6696675 0.46584000000000003 0.6728875000000001 0.46971999999999997 0.6701475 0.47538 0.6722475 0.47424 0.6704675 0.46536 0.6695075 0.45614 0.6703075000000001 0.45614 0.6680475 0.44742 0.6695075 0.44627999999999995 0.6678875 0.44467999999999996 0.6696675 0.42801999999999996 0.6695075 0.42754000000000003 0.6678875 0.4248 0.6695075 0.41866000000000003 0.6690075 0.41688000000000003 0.6695075 0.4201 0.6709475 0.43028000000000005 0.6703075000000001 0.43902 0.6717675
59 0.83414 0.5993075 0.83524 0.5970875 0.84052 0.6020875 0.8459300000000001 0.6000075 0.8469 0.5975075000000001 0.85412 0.6020875 0.8610599999999999 0.5970875 0.81888 0.5945875 0.8111 0.5976475 0.81082 0.5998675 0.8221999999999999 0.5951475 0.82692 0.6020875 0.83414 0.5993075
59 0.49261999999999995 0.5850475 0.48746 0.5841075 0.47946 0.5841075 0.48276 0.5866875 0.48604 0.5845875 0.49261999999999995 0.5850475
49 0.41200000000000003 0.5351874999999999 0.42400000000000004 0.5351874999999999 0.43 0.5411875 0.44400000000000006 0.5391874999999999 0.45999999999999996 0.5651875000000001 0.47400000000000003 0.5631875 0.48 0.5471874999999999 0.484 0.5451875 0.5 0.5531875 0.508 0.5471874999999999 0.51 0.5411875 0.52 0.5371875 0.536 0.5351874999999999 0.546 0.5406160718749999 0.55 0.5371875 0.5556 0.5436446421875 0.5519999999999999 0.5551875 0.562 0.5851875 0.568 0.5911875 0.5820000000000001 0.5911875 0.5940000000000001 0.5851875 0.5980000000000001 0.5891875 0.5980000000000001 0.6011875 0.608 0.6111875 0.624 0.6091875 0.64046153828125 0.583802884375 0.6616923078125 0.5841105757812499 0.6708000000000001 0.5799875 0.6759999999999999 0.6091875 0.682 0.6151875 0.7 0.6131875 0.7091999999999999 0.5921017859375 0.738 0.6011875 0.744 0.6071875 0.754 0.6071875 0.762 0.5991875 0.762 0.5791875 0.758 0.5691875 0.75 0.5631875 0.738 0.5671875 0.736 0.5851875 0.706 0.5831875 0.704 0.5591875 0.712 0.5471874999999999 0.716 0.5271874999999999 0.722 0.5251875 0.726 0.5191874999999999 0.734 0.522616071875 0.754 0.524520834375 0.74 0.5171875 0.744 0.5111875 0.742 0.4991875 0.722 0.4771875 0.716 0.4771875 0.706 0.4851875 0.682 0.4851875 0.6719999999999999 0.4911875 0.6639999999999999 0.4791875 0.6559999999999999 0.4771875 0.648 0.4811875 0.64 0.4951875 0.622 0.4911875 0.612 0.4991875 0.606 0.4991875 0.602 0.4951875 0.606 0.4931875 0.604 0.4891875 0.596 0.4831875 0.584 0.4851875 0.5780000000000001 0.4811875 0.568 0.4811875 0.558 0.4851875 0.5519999999999999 0.4791875 0.544 0.4771875 0.532 0.4831875 0.53 0.4871875 0.518 0.4831875 0.506 0.4711875 0.492 0.4751875 0.484 0.4871875 0.47400000000000003 0.4791875 0.458 0.4731875 0.45 0.4771875 0.44400000000000006 0.4891875 0.438 0.4891875 0.434 0.49404464218750005 0.42800000000000005 0.4951875 0.41600000000000004 0.4871875 0.414 0.49213987968749995 0.404 0.4911875 0.40199999999999997 0.5151875 0.40599999999999997 0.5291875 0.41200000000000003 0.5351874999999999
49 0.827666665625 0.544520834375 0.8220000000000001 0.5491875 0.826 0.5531875 0.826 0.6011875 0.8320000000000001 0.6071875 0.8480000000000001 0.6071875 0.8539999999999999 0.6031875 0.8560000000000001 0.5911875 0.8390000000000001 0.5631875 0.8460000000000001 0.551854165625 0.8560000000000001 0.5511874999999999 0.8560000000000001 0.5431874999999999 0.898 0.5331875 0.9099999999999999 0.5471874999999999 0.9199999999999999 0.5471874999999999 0.93 0.5331875 0.932 0.5226875 0.942 0.5311874999999999 0.942 0.5491875 0.9460000000000001 0.5571875000000001 0.9480000000000001 0.5831875 0.962 0.5931875 0.9720000000000001 0.5931875 0.9800000000000001 0.5851875 0.974 0.5571875000000001 0.974 0.5431874999999999 0.982 0.5331875 0.982 0.5231874999999999 0.976 0.5151875 0.978 0.4951875 0.9720000000000001 0.4871875 0.9640000000000001 0.4851875 0.9560000000000001 0.4891875 0.95 0.5031875 0.9400000000000001 0.5006875 0.9380000000000001 0.4911875 0.932 0.4831875 0.924 0.4811875 0.916 0.4851875 0.9099999999999999 0.4931875 0.908 0.5031875 0.90044444375 0.497409721875 0.84311111171875 0.5227430562500001 0.836 0.5271874999999999 0.75400000390625 0.524520834375 0.8240000000000001 0.5311874999999999 0.8220000000000001 0.5351874999999999 0.827666665625 0.544520834375