68 0.581375 0.873875 0.57878125 0.827953125 0.557984375 0.710984375 0.53978125 0.672875 0.519 0.639953125 0.52071875 0.626953125 0.5276562499999999 0.6113593749999999 0.5181250000000001 0.594890625 0.493 0.598359375 0.482609375 0.61221875 0.49387499999999995 0.6243593749999999 0.49126562500000004 0.646015625 0.479140625 0.6780625 0.48434375 0.698859375 0.481734375 0.7291875 0.48606249999999995 0.843546875 0.48520312499999996 0.8366250000000001 0.487796875 0.875 0.581375 0.873875
49 0.22078125 0.7924218749999999 0.192140625 0.7485937500000001 0.17190624999999998 0.6710625 0.161796875 0.6188125 0.12640625 0.54803125 0.087640625 0.5261250000000001 0 0.5261250000000001 0.0033750000000000004 0.8716250000000001 0.20393750000000002 0.8733124999999999 0.22078125 0.7924218749999999
49 0.8828906249999999 0.8276718750000001 0.880265625 0.769765625 0.86315625 0.73159375 0.838140625 0.7105312500000001 0.81840625 0.692109375 0.81971875 0.682890625 0.83025 0.667109375 0.8473593749999999 0.63946875 0.84078125 0.601296875 0.803921875 0.581546875 0.75128125 0.5855 0.7302187499999999 0.6065625 0.77496875 0.7434375 0.8078749999999999 0.838203125 0.8210312500000001 0.875 0.8723750000000001 0.875 0.8763125 0.8684687500000001 0.8828906249999999 0.8276718750000001
49 0.185203125 0.719984375 0.193015625 0.731265625 0.201703125 0.752984375 0.23296875 0.781640625 0.23990625 0.74515625 0.25206249999999997 0.683515625 0.278125 0.6487812500000001 0.27725 0.6461718750000001 0.2529375 0.63575 0.284203125 0.61490625 0.2859375 0.604484375 0.271171875 0.581046875 0.271171875 0.568890625 0.255546875 0.554125 0.24512499999999998 0.537625 0.234703125 0.521125 0.2051875 0.515046875 0.18260937500000002 0.51765625 0.15221875 0.532421875 0.14265624999999998 0.553265625 0.146125 0.5775781249999999 0.15915625 0.60709375 0.17565625 0.64790625 0.18346875 0.654859375 0.178265625 0.6800312500000001 0.185203125 0.719984375
49 1 0.62271875 0.9725625000000001 0.605375 0.94003125 0.55659375 0.9216093750000001 0.547921875 0.894515625 0.559859375 0.88584375 0.582609375 0.9042656250000001 0.6129687500000001 0.9194375000000001 0.624890625 0.9411250000000001 0.6433125000000001 0.937875 0.656328125 0.89234375 0.63790625 0.9075156249999999 0.680171875 0.910765625 0.6758437500000001 0.947625 0.694265625 1 0.743046875 1 0.62271875
49 0.066796875 0.3998125 0.065140625 0.41079687500000006 0.06459375 0.4185 0.06625 0.428390625 0.069546875 0.45696875 0.07668749999999999 0.46410937499999994 0.083828125 0.46135937499999996 0.083828125 0.453125 0.083828125 0.43937499999999996 0.08657812499999999 0.4234375 0.079984375 0.408609375 0.08053125 0.394859375 0.07009375 0.394859375 0.066796875 0.3998125
49 0.30115625 0.626046875 0.31171875 0.619 0.337390625 0.60490625 0.338390625 0.598375 0.34192187500000004 0.5958593750000001 0.34192187500000004 0.5903125 0.336890625 0.581765625 0.322796875 0.57421875 0.31171875 0.5706875 0.30015625 0.5706875 0.290078125 0.572703125 0.27799999999999997 0.580765625 0.274984375 0.587796875 0.277 0.5918281249999999 0.278515625 0.5978749999999999 0.28253125 0.60340625 0.2855625 0.615984375 0.279015625 0.619 0.2669375 0.6270625 0.268953125 0.6346093749999999 0.273984375 0.639640625 0.28153125 0.64365625 0.28203125 0.644671875 0.28454687500000003 0.638625 0.30115625 0.626046875
49 0.687453125 0.5625 0.7293125 0.598125 0.73465625 0.602140625 0.739109375 0.587875 0.730203125 0.577640625 0.70659375 0.5580468749999999 0.711046875 0.537109375 0.700359375 0.526859375 0.68878125 0.528203125 0.67140625 0.540234375 0.67140625 0.5415625000000001 0.676765625 0.554484375 0.687453125 0.5625
49 0.663890625 0.5436875 0.66721875 0.528671875 0.65971875 0.511984375 0.644703125 0.5036562499999999 0.628015625 0.5053124999999999 0.61634375 0.522 0.6171875 0.52115625 0.623859375 0.54534375 0.663890625 0.5436875
49 0.8811249999999999 0.76696875 0.87890625 0.79725 0.89671875 0.8061562500000001 0.904734375 0.8141718750000001 0.9002812499999999 0.8346562499999999 0.9194375000000001 0.8729687500000001 0.9978125 0.87475 0.9995937500000001 0.7865624999999999 0.979109375 0.76740625 0.98890625 0.73890625 0.9751093750000001 0.72109375 0.96353125 0.714859375 0.9483750000000001 0.705953125 0.931015625 0.7121875 0.91096875 0.743359375 0.91765625 0.768296875 0.909640625 0.780328125 0.8811249999999999 0.76696875
2 0.63365625 0.54571875 0.616859375 0.5420625 0.6029687499999999 0.54790625 0.61028125 0.553015625 0.62853125 0.592453125 0.643875 0.620203125 0.65409375 0.6333593750000001 0.665046875 0.647234375 0.6738125 0.672796875 0.682578125 0.6815625 0.68915625 0.698359375 0.69865625 0.718078125 0.6993750000000001 0.73925 0.7066874999999999 0.769921875 0.723484375 0.875 0.7205625 0.852453125 0.717640625 0.8049843750000001 0.708140625 0.7414375 0.7037656250000001 0.7136875 0.694265625 0.680828125 0.696453125 0.655265625 0.6913437499999999 0.645046875 0.6818593749999999 0.6348125 0.684765625 0.6165625 0.682578125 0.586609375 0.661078125 0.546296875 0.65775 0.54353125 0.6489843750000001 0.5413281249999999 0.63365625 0.54571875
49 0.27746875000000004 0.6447812500000001 0.2505625 0.6969218749999999 0.220296875 0.8600312499999999 0.79540625 0.8650781249999999 0.792046875 0.8600312499999999 0.718046875 0.59434375 0.6793750000000001 0.56575 0.5919218749999999 0.550609375 0.565015625 0.545578125 0.58184375 0.479984375 0.58015625 0.42112499999999997 0.576796875 0.3706875 0.55325 0.313515625 0.5347500000000001 0.276515625 0.470859375 0.256328125 0.41871875000000003 0.28996875 0.3918125 0.32696875 0.38171875 0.3891875 0.38509375 0.48671875 0.396859375 0.545578125 0.41200000000000003 0.55734375 0.38171875 0.580890625 0.27746875000000004 0.6447812500000001
49 0.814078125 0.558171875 0.8141562499999999 0.555515625 0.81696875 0.554984375 0.8190937500000001 0.55415625 0.821671875 0.5528593749999999 0.821671875 0.551640625 0.8215312499999999 0.5486718749999999 0.819921875 0.54678125 0.81771875 0.548375 0.8156718749999999 0.55028125 0.8141562499999999 0.551265625 0.81134375 0.55384375 0.80853125 0.555359375 0.8087500000000001 0.5579531249999999 0.812171875 0.561828125 0.812484375 0.561140625 0.81346875 0.560078125 0.814078125 0.558171875
49 0.84921875 0.6350156250000001 0.8415781250000001 0.646875 0.8186875 0.687578125 0.8186875 0.69521875 0.82546875 0.700296875 0.85515625 0.719796875 0.8704218750000001 0.74778125 0.883140625 0.7664375 0.889921875 0.770671875 0.895859375 0.7588125 0.877203125 0.700296875 0.891609375 0.7223437500000001 0.906875 0.73590625 0.906875 0.750328125 0.906875 0.76728125 0.908578125 0.774921875 0.91790625 0.768140625 0.911109375 0.741 0.9229843750000001 0.7265937499999999 0.9145 0.71046875 0.9000937499999999 0.6528125 0.8822812499999999 0.62653125 0.872109375 0.62821875 0.867015625 0.6027812499999999 0.86871875 0.572265625 0.8483750000000001 0.546828125 0.8305624999999999 0.546828125 0.81953125 0.559546875 0.8076718749999999 0.58159375 0.814453125 0.588375 0.8424375 0.5993906250000001 0.84921875 0.6350156250000001