49 0.738453125 0.24165625 0.7409375 0.251609375 0.74921875 0.26154687499999996 0.750046875 0.266515625 0.74425 0.276453125 0.7401093750000001 0.288046875 0.738453125 0.288875 0.736796875 0.30378125 0.7533593749999999 0.297984375 0.755015625 0.296328125 0.75584375 0.29384375 0.76496875 0.297984375 0.76828125 0.3054375 0.76828125 0.319515625 0.769109375 0.33359375 0.77159375 0.34435937499999997 0.77490625 0.355125 0.77159375 0.36507812500000003 0.7807031249999999 0.3808125 0.7873281249999999 0.381640625 0.800578125 0.379984375 0.8030625 0.368390625 0.8088593749999999 0.355953125 0.8130000000000001 0.350984375 0.81796875 0.33690625 0.8171406250000001 0.327796875 0.8171406250000001 0.314546875 0.8163125000000001 0.307921875 0.82128125 0.30212500000000003 0.82459375 0.293015625 0.82128125 0.288046875 0.818796875 0.2855625 0.8055468749999999 0.27065625 0.798921875 0.26154687499999996 0.793953125 0.253265625 0.7831875 0.242484375 0.769109375 0.240828125 0.76496875 0.23585937499999998 0.76665625 0.23893749999999997 0.7621249999999999 0.23378125 0.75584375 0.2234375 0.743421875 0.23089062500000002 0.738453125 0.24165625
49 0.783484375 0.24351562499999999 0.7838125 0.24384375 0.785140625 0.24484374999999997 0.788125 0.24584375 0.792765625 0.251140625 0.794421875 0.25346875 0.796421875 0.256453125 0.800390625 0.26209375 0.804046875 0.266734375 0.8053750000000001 0.2700625 0.808359375 0.27503125 0.8100156249999999 0.2776875 0.81134375 0.274703125 0.8130000000000001 0.27337500000000003 0.8140000000000001 0.273046875 0.8193125 0.272046875 0.8199687499999999 0.26971875 0.8199687499999999 0.266734375 0.821625 0.263421875 0.82328125 0.261765625 0.8229531250000001 0.25778124999999996 0.82328125 0.2528125 0.82328125 0.251484375 0.821953125 0.2465 0.8209687499999999 0.24351562499999999 0.8196406250000001 0.240203125 0.8183125 0.23721874999999998 0.817984375 0.236546875 0.8163125000000001 0.235890625 0.8150000000000001 0.23556249999999998 0.808359375 0.23356249999999998 0.8053750000000001 0.23290625 0.804703125 0.23290625 0.80171875 0.23489062500000002 0.79475 0.23721874999999998 0.79409375 0.23721874999999998 0.793421875 0.236546875 0.791109375 0.22859375 0.789453125 0.22659375 0.787796875 0.22360937500000003 0.784796875 0.220296875 0.7831406249999999 0.21796875 0.779828125 0.21731250000000002 0.778828125 0.21731250000000002 0.776171875 0.2183125 0.7741875 0.21896875 0.77153125 0.220625 0.7682187500000001 0.22395312500000003 0.769453125 0.23117187499999997 0.7712343749999999 0.235921875 0.7712343749999999 0.237109375 0.7712343749999999 0.24126562499999998 0.776515625 0.2421875 0.78115625 0.24285937500000002 0.783484375 0.24351562499999999
64 0.312890625 0.51775 0.325171875 0.5218281250000001 0.336078125 0.5245625 0.37701562499999997 0.59140625 0.41931250000000003 0.63234375 0.46023437500000003 0.645984375 0.5161718750000001 0.633703125 0.5775625 0.614609375 0.5939375 0.59959375 0.447953125 0.463171875 0.4343125 0.459078125 0.306078125 0.482265625 0.292421875 0.490453125 0.293796875 0.5 0.312890625 0.51775
64 0.64953125 0.484078125 0.616265625 0.4385625 0.58125 0.407046875 0.41490625000000003 0.352765625 0.39040625 0.359765625 0.360640625 0.4543125 0.358890625 0.47357812499999996 0.42542187499999995 0.4543125 0.484953125 0.48757812500000003 0.5970156249999999 0.5436093750000001 0.62853125 0.569875 0.6863125 0.547109375 0.64953125 0.484078125
64 0.662484375 0.442890625 0.6449374999999999 0.440078125 0.638625 0.438671875 0.62740625 0.438671875 0.6232031250000001 0.451296875 0.64634375 0.48565625 0.670890625 0.522828125 0.687015625 0.5347500000000001 0.724890625 0.55228125 0.75084375 0.56140625 0.761359375 0.562109375 0.770484375 0.56140625 0.7788906250000001 0.550890625 0.7873125 0.53896875 0.7971250000000001 0.52634375 0.7971250000000001 0.506 0.793625 0.508109375 0.7781875 0.48426562500000003 0.757859375 0.47443749999999996 0.7382187499999999 0.468125 0.662484375 0.442890625
2 0.8066093750000001 0.26956250000000004 0.8143593750000001 0.27473437500000003 0.820171875 0.27149999999999996 0.824046875 0.2456875 0.8137187499999999 0.23342187499999997 0.8014531249999999 0.232140625 0.7937031250000001 0.23729687500000002 0.80209375 0.24181249999999999 0.807265625 0.259234375 0.8066093750000001 0.266984375 0.8066093750000001 0.26956250000000004
36 0.808453125 0.294640625 0.8105781249999999 0.308984375 0.815765625 0.307453125 0.826765625 0.29921875 0.8224843749999999 0.287921875 0.817 0.281515625 0.8127187499999999 0.27723437500000003 0.813640625 0.281515625 0.8108906250000001 0.28334375 0.807828125 0.276921875 0.8063125 0.28059375000000003 0.805703125 0.28028125 0.8066093750000001 0.28303124999999996 0.808453125 0.294640625
64 0.7049531250000001 0.3933125 0.678578125 0.3881875 0.67125 0.399171875 0.670515625 0.41089062500000006 0.682234375 0.41676562500000003 0.70128125 0.41968750000000005 0.71228125 0.42995312500000005 0.71740625 0.438734375 0.724 0.43728125 0.780421875 0.459265625 0.787015625 0.45046875000000003 0.771625 0.411625 0.76503125 0.4094375 0.7320625 0.40210937500000005 0.7049531250000001 0.3933125
64 0.61290625 0.308859375 0.629796875 0.31178125 0.656734375 0.320546875 0.660953125 0.31015625 0.6333593750000001 0.29490625000000004 0.593421875 0.288734375 0.5875781250000001 0.30853125000000003 0.59440625 0.3244375 0.6012187499999999 0.323796875 0.61290625 0.308859375
64 0.326453125 0.53021875 0.17320312499999999 0.561390625 0.17840625000000002 0.7535937500000001 0.17581249999999998 0.938015625 0.25373437499999996 0.935421875 0.21217187499999998 0.938015625 0.37320312499999997 0.940609375 0.48490625 0.88865625 0.497890625 0.8055468749999999 0.326453125 0.53021875
64 0.6613749999999999 0.443484375 0.782625 0.49056249999999996 0.78846875 0.498078125 0.790125 0.474734375 0.787625 0.462234375 0.725546875 0.43723437499999995 0.7205468749999999 0.44056249999999997 0.708046875 0.423890625 0.61803125 0.397234375 0.582203125 0.414734375 0.620125 0.447234375 0.62803125 0.44015624999999997 0.6613749999999999 0.443484375
64 0.76396875 0.384421875 0.696421875 0.35584375 0.691234375 0.389609375 0.77175 0.41039062499999995 0.76396875 0.384421875
64 0.61590625 0.387015625 0.667859375 0.4051875 0.667859375 0.3818125 0.491234375 0.327265625 0.47824999999999995 0.363640625 0.5899375 0.41039062499999995 0.61590625 0.387015625
64 0.757421875 0.346 0.75878125 0.33967187499999996 0.756515625 0.33604687499999997 0.7596875 0.32925 0.756515625 0.3274375 0.75515625 0.323359375 0.74746875 0.314765625 0.7166718750000001 0.30660937499999996 0.717125 0.301171875 0.6817968750000001 0.2866875 0.6577968750000001 0.27490625 0.6383281249999999 0.279890625 0.6360625 0.293484375 0.6347031249999999 0.296203125 0.75878125 0.350078125 0.757421875 0.346
64 0.74796875 0.35121875 0.7021875 0.336609375 0.6898593749999999 0.32784375 0.678484375 0.336296875 0.666796875 0.32882812499999997 0.6570625 0.323953125 0.64796875 0.319734375 0.63628125 0.31584375 0.623625 0.311296875 0.61778125 0.31096875 0.613234375 0.3103125 0.6073906250000001 0.318109375 0.601546875 0.32428124999999997 0.592453125 0.325578125 0.590828125 0.33109375 0.592125 0.334984375 0.6073906250000001 0.3385625 0.618421875 0.342140625 0.621015625 0.34245312499999997 0.6245937500000001 0.3385625 0.6333593750000001 0.335640625 0.640171875 0.33434375 0.648296875 0.3369375 0.653171875 0.33401562500000004 0.66453125 0.336609375 0.6700468749999999 0.33985937499999996 0.6794687500000001 0.342140625 0.684984375 0.345703125 0.690828125 0.350578125 0.695046875 0.35446875 0.6973281250000001 0.35739062499999996 0.759328125 0.381421875 0.7583593750000001 0.379140625 0.7580312499999999 0.372328125 0.75965625 0.36584374999999997 0.7580312499999999 0.356421875 0.74796875 0.35121875