61 0.696078125 0.59934375 0.696078125 0.601265625 0.6954374999999999 0.6064375 0.687046875 0.614171875 0.6999531250000001 0.6135312500000001 0.721890625 0.618703125 0.71415625 0.609015625 0.703171875 0.6032031250000001 0.694796875 0.5845 0.639296875 0.51028125 0.634765625 0.507046875 0.626390625 0.507703125 0.623796875 0.51221875 0.67284375 0.5670625 0.688984375 0.585140625 0.696078125 0.59934375
61 0.27590625 0.728609375 0.289421875 0.7150937500000001 0.201578125 0.708328125 0.12725 0.6903125 0.12725 0.735359375 0.167796875 0.733109375 0.27590625 0.728609375
14 0.772953125 0.64209375 0.823625 0.650828125 0.8603125 0.631609375 0.8707968749999999 0.600171875 0.875 0.5180625 0.8620468750000001 0.5093125 0.813140625 0.49184374999999997 0.7642187500000001 0.49184374999999997 0.7118125 0.49884375 0.68909375 0.5267968749999999 0.697828125 0.600171875 0.724046875 0.624625 0.772953125 0.64209375
50 0.69803125 0.617984375 0.626125 0.5955 0.583421875 0.5955 0.50028125 0.6 0.41489062499999996 0.62696875 0.34521875 0.638203125 0.29803125 0.687640625 0.262078125 0.761796875 0.25534375 0.896625 0.30028125 0.986515625 0.8710625000000001 0.986515625 0.8733124999999999 0.741578125 0.8710625000000001 0.72809375 0.8440937500000001 0.6809062499999999 0.7969062499999999 0.6539375 0.733984375 0.631453125 0.69803125 0.617984375
49 0.6710625 0.536390625 0.691296875 0.52290625 0.7834218749999999 0.49145312499999994 0.787921875 0.2959375 0.664328125 0.22628125 0.6755625000000001 0.165609375 0.6485937500000001 0.0038125 0.47106250000000005 0.02403125 0.42612500000000003 0.082453125 0.47106250000000005 0.212796875 0.40140624999999996 0.23751562499999998 0.331734375 0.365609375 0.307015625 0.415046875 0.311515625 0.47796874999999994 0.367703125 0.5408906250000001 0.40590624999999997 0.545375 0.632859375 0.552125 0.6710625 0.536390625
49 0.8303593749999999 0.13478125000000002 0.8559218749999999 0.0783125 0.84740625 0.04421875 0.8186406249999999 0.02078125 0.748328125 0.048484375 0.735546875 0.09323437500000001 0.736609375 0.11985937499999999 0.69825 0.14650000000000002 0.681203125 0.16993750000000002 0.6769375 0.17953125 0.7664375 0.17953125 0.866578125 0.174203125 0.86978125 0.172078125 0.875 0.1678125 0.857 0.152890625 0.838875 0.14650000000000002 0.8303593749999999 0.13478125000000002
49 0.6803281250000001 0.12721875 0.6859375 0.1314375 0.6768125 0.14545312500000002 0.6775156250000001 0.16228125 0.681734375 0.16999999999999998 0.6894375 0.15528124999999998 0.69575 0.14265624999999998 0.70628125 0.1384375 0.71959375 0.130734375 0.7273125 0.123015625 0.73221875 0.11670312499999999 0.73503125 0.103375 0.737125 0.092859375 0.737125 0.08584375 0.7301249999999999 0.08304687499999999 0.7202968750000001 0.08234375000000001 0.721 0.083734375 0.711890625 0.0844375 0.6929531250000001 0.09496875 0.67821875 0.11740625 0.6803281250000001 0.12721875
49 0.2836875 0.1440625 0.295875 0.148625 0.29984375 0.166296875 0.30409375 0.16507812500000002 0.32146875 0.16721875 0.319640625 0.158375 0.315984375 0.14681249999999998 0.313546875 0.13584374999999999 0.31628124999999996 0.13187500000000002 0.31384375000000003 0.125796875 0.31262500000000004 0.11634375 0.30775 0.1078125 0.292828125 0.107515625 0.284296875 0.11634375 0.28307812499999996 0.124265625 0.284609375 0.131265625 0.27090625 0.134625 0.272125 0.134921875 0.27334375 0.1440625 0.2836875 0.1440625
49 0.266890625 0.134546875 0.255671875 0.1163125 0.249359375 0.10509375000000001 0.246546875 0.086859375 0.229015625 0.099484375 0.21570312500000002 0.10789062499999999 0.212890625 0.12262500000000001 0.21218750000000003 0.13734375000000001 0.20798437500000003 0.14996875 0.26409375 0.144359375 0.273203125 0.14365624999999999 0.266890625 0.134546875
49 0.21203124999999998 0.130546875 0.20460937499999998 0.131125 0.2011875 0.11628125 0.192625 0.1054375 0.17835937500000001 0.10371875 0.163515625 0.104859375 0.16065625 0.11856249999999999 0.16453125 0.138890625 0.16065625 0.1476875 0.20804687500000002 0.15453125 0.21203124999999998 0.130546875
27 0.212359375 1 0.20460937499999998 0.9787968749999999 0.18651562500000002 0.929703125 0.1916875 0.8987031249999999 0.19428125000000002 0.839265625 0.20978124999999997 0.78759375 0.230453125 0.75915625 0.279546875 0.7100625 0.3183125 0.6635625 0.3493125 0.635125 0.41390625 0.606703125 0.4991875 0.598953125 0.63096875 0.5937812499999999 0.63871875 0.5446875 0.40875000000000006 0.542109375 0.29246875 0.53953125 0.24853125 0.549859375 0.214953125 0.5602031249999999 0.16584375 0.619625 0.12709375 0.699734375 0.12709375 1 0.212359375 1