24 0.867234375 0.709734375 0.92665625 0.6615624999999999 0.9379062499999999 0.5764375 0.907390625 0.557171875 0.86403125 0.611765625 0.8495781250000001 0.598921875 0.8463593749999999 0.59571875 0.9138125 0.5154062500000001 0.9346875000000001 0.52665625 0.9379062499999999 0.49453125 0.9138125 0.500953125 0.84796875 0.58928125 0.7419687500000001 0.55878125 0.6680937499999999 0.63746875 0.72109375 0.6985 0.867234375 0.709734375
39 0.7329375 0.8032812500000001 0.74675 0.804625 0.774359375 0.8072968749999999 0.7872656250000001 0.80640625 0.80865625 0.75875 0.809546875 0.755625 0.756546875 0.75028125 0.725359375 0.798390625 0.72446875 0.8023906249999999 0.7249218749999999 0.8023906249999999 0.7329375 0.8032812500000001
12 0.17521875 0.49614062499999995 0.17175 0.496484375 0.174171875 0.539515625 0.17625 0.53778125 0.17521875 0.49614062499999995
12 0.32696875 0.44185937500000005 0.342140625 0.43342187499999996 0.348875 0.425 0.3505625 0.41993749999999996 0.348875 0.41489062499999996 0.3539375 0.37106249999999996 0.3505625 0.366015625 0.34550000000000003 0.362640625 0.34045312499999997 0.362640625 0.31179687500000003 0.366015625 0.30842187499999996 0.367703125 0.3050625 0.369375 0.3 0.364328125 0.306734375 0.438484375 0.32696875 0.44185937500000005
12 0.26821875 0.516046875 0.2663125 0.47056250000000005 0.262234375 0.471375 0.26168749999999996 0.47328125 0.260328125 0.47328125 0.259234375 0.46892187500000004 0.2565 0.4675625 0.2565 0.52121875 0.263046875 0.522046875 0.2633125 0.51740625 0.26821875 0.516046875
12 0.225046875 0.6211249999999999 0.230703125 0.6900000000000001 0.24485937500000002 0.68528125 0.231640625 0.612625 0.225046875 0.6211249999999999
12 0.3315 0.307015625 0.303578125 0.30798437500000003 0.3049375 0.311671875 0.3049375 0.315734375 0.32509375 0.31515624999999997 0.32703125 0.3163125 0.3295625 0.358 0.33014062499999997 0.35915625 0.332265625 0.35915625 0.3315 0.307015625
12 0.304046875 0.430171875 0.30140625 0.3768125 0.29959375 0.37707812500000004 0.301125 0.43629687500000003 0.3041875 0.4364375 0.304046875 0.430171875
12 0.24867187500000001 0.52028125 0.24900000000000003 0.471671875 0.23634375 0.470015625 0.24134375000000002 0.474671875 0.246 0.52128125 0.24867187500000001 0.52028125
12 0.24867187500000001 0.676140625 0.24196875 0.6134062499999999 0.23853125 0.611375 0.234265625 0.6140156250000001 0.238328125 0.617671875 0.24440625 0.67896875 0.2464375 0.67815625 0.24867187500000001 0.676140625
12 0.20568749999999997 0.396046875 0.20435937499999998 0.404984375 0.206578125 0.4531875 0.22265625 0.45006250000000003 0.22087500000000002 0.398734375 0.20568749999999997 0.396046875
2 0.60909375 0.612703125 0.607625 0.6150625 0.606734375 0.6156406249999999 0.604671875 0.616234375 0.6002500000000001 0.618 0.594953125 0.618 0.59671875 0.62271875 0.60203125 0.622125 0.63471875 0.617703125 0.6367812500000001 0.61653125 0.63765625 0.617703125 0.637953125 0.618 0.6453125 0.618 0.647078125 0.6150625 0.64796875 0.611234375 0.649140625 0.6071093750000001 0.65003125 0.598265625 0.65003125 0.5894375000000001 0.6488437499999999 0.58265625 0.64796875 0.5814843749999999 0.645609375 0.579125 0.645609375 0.57765625 0.64590625 0.575890625 0.6465 0.573828125 0.653859375 0.5700000000000001 0.6585625 0.561453125 0.6579843750000001 0.552921875 0.657390625 0.5514375 0.6535624999999999 0.5443749999999999 0.6488437499999999 0.54025 0.6444375 0.54025 0.6344218749999999 0.54084375 0.628234375 0.5464375 0.6238125 0.557625 0.62146875 0.5679375 0.619984375 0.575890625 0.6191093750000001 0.5782499999999999 0.6179218750000001 0.5847187500000001 0.61409375 0.592671875 0.612328125 0.59709375 0.612328125 0.597390625 0.610265625 0.59915625 0.608796875 0.60003125 0.5982031250000001 0.604453125 0.590828125 0.60740625 0.587296875 0.610046875 0.585828125 0.611515625 0.5855312500000001 0.613578125 0.586125 0.61534375 0.587890625 0.61534375 0.588484375 0.61534375 0.59053125 0.614765625 0.594078125 0.613 0.601140625 0.60828125 0.614390625 0.605046875 0.622046875 0.604453125 0.61528125 0.608875 0.612625 0.610640625 0.60909375 0.612703125
42 0.9221718750000001 0.75946875 0.930296875 0.811859375 0.939328125 0.8091406250000001 0.9483750000000001 0.76759375 0.939328125 0.692640625 0.83365625 0.718828125 0.8083750000000001 0.7784375 0.81559375 0.788375 0.9221718750000001 0.75946875
45 0.745515625 0.8258749999999999 0.74728125 0.823234375 0.7519843749999999 0.8217656249999999 0.756984375 0.820875 0.762859375 0.8223437499999999 0.774609375 0.8247031249999999 0.77990625 0.826171875 0.789015625 0.82734375 0.7931250000000001 0.82675 0.7931250000000001 0.825 0.7931250000000001 0.8241093749999999 0.78371875 0.814703125 0.76903125 0.809421875 0.7590312499999999 0.80678125 0.749921875 0.807953125 0.7408125 0.812359375 0.734359375 0.81559375 0.731703125 0.81853125 0.7281875 0.823234375 0.72759375 0.8282187499999999 0.729953125 0.8288125000000001 0.74228125 0.827046875 0.745515625 0.8258749999999999
12 0.262578125 0.31878125 0.265 0.361859375 0.26940624999999996 0.363234375 0.268609375 0.32025000000000003 0.262578125 0.31878125
12 0.32620312500000004 0.315375 0.32096874999999997 0.31637499999999996 0.32171875 0.36090625 0.32271875 0.360171875 0.326453125 0.358921875 0.32620312500000004 0.315375
12 0.3308125 0.31046874999999996 0.3308125 0.312453125 0.33146875 0.313546875 0.33146875 0.359 0.33981249999999996 0.359 0.339375 0.357234375 0.33915625 0.3161875 0.340484375 0.312015625 0.332578125 0.3098125 0.3308125 0.31046874999999996
22 0.6604062500000001 0.869375 0.68165625 0.871234375 0.69828125 0.85459375 0.665015625 0.8518281249999999 0.68071875 0.8370468750000001 0.707515625 0.798234375 0.6890468750000001 0.8019375 0.70659375 0.78253125 0.7149062500000001 0.760359375 0.713984375 0.737265625 0.71121875 0.7003125 0.6918124999999999 0.65134375 0.656703125 0.635640625 0.637296875 0.6550312500000001 0.6077343749999999 0.68275 0.6003437500000001 0.703078125 0.616046875 0.7649843749999999 0.616046875 0.798234375 0.61328125 0.84259375 0.6234375 0.858296875 0.6326875000000001 0.870296875 0.6604062500000001 0.869375
51 0.16929687499999999 0.42296875 0.16434375 0.416203125 0.152609375 0.39634375 0.144484375 0.39815625 0.1449375 0.443265625 0.16028125 0.451390625 0.15982812500000002 0.45184375 0.18103125 0.452734375 0.18057812499999998 0.430640625 0.16884375000000001 0.42837500000000006 0.16929687499999999 0.42296875
12 0.35485937500000003 0.5253125 0.355875 0.559359375 0.360875 0.560359375 0.358875 0.5193125000000001 0.349859375 0.517296875 0.348859375 0.5193125000000001 0.348859375 0.5233125000000001 0.35485937500000003 0.5253125
12 0.1796875 0.3671875 0.196875 0.375 0.159375 0.486328125 0.159375 0.4921875 0.1515625 0.4921875 0.146875 0.496875 0.146875 0.50572916640625 0.151875 0.50859375 0.146875 0.51458333359375 0.14937499999999998 0.516015625 0.146875 0.5234375 0.1734375 0.5265625 0.1734375 0.5421875 0.16875 0.5453125 0.1625 0.5578125 0.15625 0.5546875 0.153125 0.5578125 0.1515625 0.55625 0.15 0.6390625 0.140625 0.6484375 0.134375 0.6609375 0.1328125 0.6671875 0.14088541640625002 0.68098958359375 0.1328125 0.68125 0.134375 0.6953125 0.140625 0.7078125 0.15 0.7171875 0.1515625 0.7328125 0.15625 0.7375 0.165625 0.7375 0.171875 0.7296875 0.2015625 0.7296875 0.2125 0.734375 0.228125 0.734375 0.2390625 0.7390625 0.26875 0.7390625 0.290625 0.728125 0.303125 0.715625 0.309375 0.7046875 0.31875 0.6625 0.3171875 0.634375 0.321875 0.634375 0.334375 0.64375 0.346875 0.6484375 0.3734375 0.6484375 0.390625 0.640625 0.403125 0.628125 0.4109375 0.6125 0.4125 0.5859375 0.409375 0.5734375 0.4015625 0.5609375 0.4015625 0.534375 0.3984375 0.521875 0.3921875 0.5109375 0.3796875 0.4984375 0.365625 0.490625 0.3734375 0.434375 0.36875 0.428125 0.3625 0.428125 0.3625 0.384375 0.3796875 0.3765625 0.3953125 0.359375 0.4015625 0.340625 0.4 0.315625 0.3921875 0.3 0.3796875 0.2875 0.3625 0.2796875 0.35 0.2796875 0.340625 0.275 0.315625 0.275 0.303125 0.2796875 0.2875 0.29375 0.2734375 0.296875 0.265625 0.3015625 0.2625 0.2984375 0.2578125 0.2984375 0.240625 0.2796875 0.2234375 0.271875 0.196875 0.271875 0.184375 0.2765625 0.1734375 0.284375 0.165625 0.29375 0.1578125 0.3125 0.1578125 0.334375 0.165625 0.353125 0.1796875 0.3671875