13 0.5843281250000001 0.5731875 0.57765625 0.56375 0.576875 0.557078125 0.57371875 0.5555 0.562328125 0.559828125 0.56115625 0.56021875 0.5639062499999999 0.565328125 0.56821875 0.581828125 0.569796875 0.595984375 0.574515625 0.6112968750000001 0.574515625 0.612484375 0.58984375 0.6061875 0.593375 0.6034375 0.58984375 0.5979375 0.5843281250000001 0.5731875
13 0.538109375 0.57115625 0.531578125 0.57115625 0.5272187500000001 0.5722343750000001 0.5206875 0.575515625 0.522859375 0.579875 0.523953125 0.58640625 0.522859375 0.5929375 0.522859375 0.60275 0.531578125 0.624546875 0.5359375 0.6278125 0.55228125 0.62128125 0.54246875 0.5918593750000001 0.538109375 0.583140625 0.538109375 0.575515625 0.538109375 0.57115625
13 0.44521875 0.627625 0.43659375 0.62353125 0.43865625 0.620234375 0.43290625 0.60628125 0.40456250000000005 0.613265625 0.4074375 0.631328125 0.41278125 0.6329687500000001 0.405390625 0.649390625 0.416890625 0.6966249999999999 0.43125 0.704421875 0.466578125 0.692515625 0.45465625000000004 0.655546875 0.44521875 0.627625
13 0.403015625 0.633296875 0.4025 0.6216406250000001 0.39845312499999996 0.6130312499999999 0.39237500000000003 0.6064375 0.38528125 0.600875 0.381734375 0.5952968750000001 0.379203125 0.591234375 0.37312500000000004 0.59175 0.370578125 0.59478125 0.370578125 0.59934375 0.370578125 0.60390625 0.3685625 0.6079687500000001 0.36703125000000003 0.6135312500000001 0.367546875 0.628734375 0.369578125 0.64140625 0.38071875 0.647984375 0.403015625 0.6429218750000001 0.403015625 0.640390625 0.403015625 0.633296875
22 0.43899999999999995 0.9350468749999999 0.450875 0.9326718749999999 0.500703125 0.906578125 0.5125625 0.9374218750000001 0.531546875 0.94375 0.5101875 0.901828125 0.5244375 0.88759375 0.5149375 0.830640625 0.41053125 0.844875 0.40103125000000006 0.833015625 0.396296875 0.8116562500000001 0.38679687500000004 0.792671875 0.32509375 0.7974218750000001 0.206453125 0.8425 0.201703125 0.8543593749999999 0.201703125 0.899453125 0.21356250000000002 0.899453125 0.2206875 0.9397968750000001 0.23967187499999998 0.9397968750000001 0.2254375 0.894703125 0.25628125 0.892328125 0.268140625 0.9397968750000001 0.26340625 0.9397968750000001 0.427140625 0.94375 0.43899999999999995 0.9350468749999999
26 0.78309375 0.61284375 0.808640625 0.605765625 0.799203125 0.5507500000000001 0.799203125 0.5476093750000001 0.7654062500000001 0.553890625 0.78309375 0.61284375
26 0.901140625 0.582265625 0.8995468750000001 0.57378125 0.88825 0.53346875 0.8755312500000001 0.533484375 0.862859375 0.53859375 0.860390625 0.54615625 0.8744999999999999 0.58346875 0.877515625 0.588921875 0.901140625 0.582265625
26 0.9026406250000001 0.5817187500000001 0.9231718750000001 0.577609375 0.9223593749999999 0.56815625 0.9141406249999999 0.5287499999999999 0.8993593750000001 0.5287499999999999 0.8886875 0.531609375 0.9026406250000001 0.5817187500000001
49 0.5900000000000001 0.758796875 0.583125 0.7479218750000001 0.583125 0.7381875 0.565953125 0.7272968750000001 0.555640625 0.716421875 0.546484375 0.721578125 0.54590625 0.72959375 0.5550625 0.745046875 0.56365625 0.7582187499999999 0.56309375 0.7736875000000001 0.571109375 0.790296875 0.5579375 0.79775 0.571671875 0.8217968750000001 0.61234375 0.8154999999999999 0.6112031250000001 0.7994687500000001 0.5900000000000001 0.758796875
13 0.567265625 0.61384375 0.5625 0.59075 0.55746875 0.57996875 0.55546875 0.576703125 0.553453125 0.56565625 0.5386562500000001 0.570921875 0.54090625 0.57946875 0.5394062500000001 0.5842343750000001 0.550453125 0.620625 0.567265625 0.61384375
46 0.510671875 0.593796875 0.50009375 0.58434375 0.49215625 0.583203125 0.486484375 0.58546875 0.48384375 0.58775 0.47893749999999996 0.579046875 0.46684374999999995 0.57678125 0.45853124999999995 0.577921875 0.45210937500000004 0.58434375 0.44984375 0.58775 0.448328125 0.589640625 0.433203125 0.5952968750000001 0.4298125 0.6051249999999999 0.43093750000000003 0.6123125 0.43698437500000004 0.61796875 0.44340624999999995 0.6194843750000001 0.46796875 0.6141875 0.4970625 0.610796875 0.511421875 0.603234375 0.510671875 0.593796875
46 0.603953125 0.45981249999999996 0.60371875 0.45215625 0.608265625 0.44690624999999995 0.611375 0.44020312500000003 0.608265625 0.43996874999999996 0.60228125 0.43685937499999994 0.59940625 0.4323125 0.592234375 0.43853125000000004 0.58721875 0.44284375000000004 0.5852968749999999 0.44809374999999996 0.58865625 0.44953125 0.5986875 0.45384375 0.600609375 0.464359375 0.6044375 0.465796875 0.6072968750000001 0.46507812499999995 0.603953125 0.45981249999999996
46 0.639515625 0.45543750000000005 0.6459374999999999 0.455109375 0.650375 0.454953125 0.6521874999999999 0.45659375 0.655140625 0.45873437499999997 0.65859375 0.45873437499999997 0.661390625 0.45873437499999997 0.662546875 0.457421875 0.662875 0.45676562499999995 0.663203125 0.45364062499999996 0.6604062500000001 0.44935937499999995 0.6579375 0.44507812500000005 0.653015625 0.44195312500000006 0.648234375 0.44146875 0.6428125 0.44228125 0.63903125 0.44459375 0.63590625 0.44885937499999995 0.63671875 0.451984375 0.636890625 0.455609375 0.639515625 0.45543750000000005
46 0.620921875 0.608203125 0.6203125 0.613109375 0.620921875 0.6207812500000001 0.6252187499999999 0.629375 0.6546875 0.623546875 0.657140625 0.633671875 0.660515625 0.634296875 0.6614375 0.6296875 0.6599062499999999 0.6229375 0.682609375 0.6115781250000001 0.691203125 0.626 0.682609375 0.6373593750000001 0.68721875 0.6364375 0.692734375 0.633671875 0.696109375 0.6269218750000001 0.69703125 0.6207812500000001 0.693359375 0.61096875 0.6918124999999999 0.6032968750000001 0.68721875 0.594703125 0.68721875 0.590703125 0.6850625 0.584265625 0.69028125 0.580890625 0.693359375 0.5729062500000001 0.6930468750000001 0.564015625 0.685984375 0.55571875 0.679546875 0.55234375 0.670640625 0.5529531249999999 0.6626562500000001 0.556640625 0.65959375 0.567078125 0.65928125 0.578734375 0.653765625 0.582421875 0.64578125 0.582421875 0.6405624999999999 0.575984375 0.6304375 0.5716875 0.6153906250000001 0.57475 0.610484375 0.58365625 0.613546875 0.594703125 0.617546875 0.59746875 0.618765625 0.602375 0.620921875 0.608203125
46 0.5853125 0.6345156249999999 0.585515625 0.636421875 0.5859375 0.6370625000000001 0.586359375 0.6370625000000001 0.58678125 0.6370625000000001 0.5886875 0.6370625000000001 0.616765625 0.631984375 0.618234375 0.63515625 0.618875 0.631984375 0.61865625 0.630296875 0.618453125 0.62840625 0.617390625 0.6250312499999999 0.616765625 0.623546875 0.61528125 0.6212187499999999 0.6138125 0.61975 0.61190625 0.61784375 0.610421875 0.616796875 0.60853125 0.615953125 0.606625 0.6151093750000001 0.6036718750000001 0.6151093750000001 0.598609375 0.615734375 0.592484375 0.617421875 0.58784375 0.62565625 0.585515625 0.63009375 0.5853125 0.6324062500000001 0.5853125 0.6345156249999999
46 0.5835 0.636734375 0.58496875 0.63165625 0.584546875 0.626390625 0.58328125 0.622578125 0.58096875 0.61815625 0.576734375 0.6149843749999999 0.5729375 0.61371875 0.566609375 0.61371875 0.561546875 0.615625 0.557109375 0.61984375 0.55478125 0.625328125 0.5549999999999999 0.632296875 0.557109375 0.63778125 0.559859375 0.640734375 0.576734375 0.6320781249999999 0.58075 0.6403125000000001 0.5835 0.636734375
46 0.71265625 0.612453125 0.714546875 0.622578125 0.7243125 0.627890625 0.739046875 0.62428125 0.74403125 0.62171875 0.7469375 0.6174375000000001 0.7462500000000001 0.608171875 0.741625 0.60096875 0.73528125 0.596859375 0.729453125 0.5958281249999999 0.71865625 0.600625 0.714546875 0.605609375 0.71265625 0.612453125
46 0.59875 0.455203125 0.5955781250000001 0.45151562500000003 0.586625 0.447828125 0.5723906249999999 0.44465625 0.5629062499999999 0.450453125 0.5607968750000001 0.4573125 0.5623750000000001 0.465734375 0.565546875 0.46995312499999997 0.5708125 0.47153124999999996 0.571875 0.474171875 0.57925 0.47259375 0.591890625 0.471015625 0.592421875 0.471015625 0.59875 0.4694375 0.59875 0.465734375 0.599796875 0.463109375 0.59875 0.455203125
46 0.46946875 0.62065625 0.45775 0.6168750000000001 0.44603125 0.618390625 0.44490625 0.63046875 0.451703125 0.6421875 0.457 0.64521875 0.46606249999999994 0.639921875 0.47512499999999996 0.6410625 0.47778124999999994 0.636140625 0.47437500000000005 0.63009375 0.46946875 0.62065625
46 0.9321249999999999 0.51028125 0.9329375000000001 0.504859375 0.93046875 0.499421875 0.9224218750000001 0.4958125 0.9141875 0.49646875 0.910734375 0.502390625 0.910578125 0.5122656250000001 0.9145156249999999 0.516203125 0.9199531249999999 0.515546875 0.9289999999999999 0.51325 0.9321249999999999 0.51028125
46 0.9018750000000001 0.5082187499999999 0.9077500000000001 0.5152187500000001 0.9118281250000001 0.513859375 0.9126093750000001 0.508328125 0.913640625 0.500296875 0.911484375 0.497359375 0.908203125 0.49589062500000003 0.902671875 0.4953125 0.8989375000000001 0.496 0.895875 0.499046875 0.8952031249999999 0.5006406250000001 0.8946406250000001 0.507640625 0.9018750000000001 0.5082187499999999
27 0 0.942234375 0.040171875 0.943171875 0.0053437499999999995 0.75615625 0.049578125 0.74675 0.10793749999999999 0.73075 0.1399375 0.7175625 0.141828125 0.7025 0.136171875 0.7015625 0.09946875 0.6996875 0.010046875 0.7156875 0 0.7153906250000001 0 0.942234375
75 0.775015625 0.36589062499999997 0.84628125 0.33559375 0.834765625 0.312546875 0.8010468749999999 0.3291875 0.780125 0.32790625 0.778421875 0.32278125 0.7716093749999999 0.279765625 0.732328125 0.274984375 0.7600781249999999 0.381671875 0.7814062500000001 0.383390625 0.775015625 0.36589062499999997
52 0.3343125 0.715890625 0.264265625 0.139625 0.0875625 0.150765625 0.07640625 0.150765625 0.19103125 0.7557031249999999 0.3343125 0.715890625
26 0.659265625 0.642140625 0.6515 0.591109375 0.616359375 0.5985 0.6115468749999999 0.6025625 0.6285624999999999 0.653234375 0.6385468750000001 0.652859375 0.659265625 0.642140625
46 0.925015625 0.55984375 0.93146875 0.558125 0.9348750000000001 0.553578125 0.933171875 0.5516875 0.930328125 0.548265625 0.93203125 0.542390625 0.930328125 0.539546875 0.927671875 0.53803125 0.923875 0.5370781250000001 0.92028125 0.53821875 0.9149687500000001 0.5410625 0.9198906250000001 0.56096875 0.925015625 0.55984375
46 0.47759375000000004 0.6832812500000001 0.482609375 0.6896718749999999 0.494015625 0.68646875 0.50496875 0.6796249999999999 0.5054375 0.67140625 0.504515625 0.6631875 0.49584374999999997 0.6581718750000001 0.486265625 0.66228125 0.482609375 0.6659375 0.47621874999999997 0.67278125 0.47759375000000004 0.6832812500000001
46 0.4125 0.5796875 0.41281249999999997 0.573125 0.45765625 0.6103125 0.46848958281249997 0.6090104171874999 0.471875 0.61484375 0.4640625 0.615625 0.4640625 0.6203125 0.4703125 0.6234375 0.4765625 0.634375 0.475 0.6421875 0.465625 0.640625 0.4546875 0.6453125 0.459375 0.6453125 0.46015625 0.653125 0.4546875 0.6578125 0.4640625 0.66875 0.4640625 0.6953125 0.46875 0.6984375 0.484375 0.6984375 0.5078125 0.6890625 0.5140625 0.6890625 0.5203125 0.68125 0.5203125 0.675 0.509375 0.659375 0.5125 0.6296875 0.5114583328125 0.6140625 0.578125 0.6140625 0.58203125 0.621875 0.5875 0.6140625 0.5970982140625 0.6185267859375 0.59873046875 0.625390625 0.590625 0.621875 0.5911830359375 0.6244419640625 0.5875 0.6265625 0.584375 0.634375 0.5765625 0.6328125 0.579352678125 0.636272321875 0.5734375 0.6421875 0.57724609375 0.648828125 0.571875 0.6546875 0.571875 0.6640625 0.578125 0.6703125 0.590625 0.6703125 0.596875 0.6625 0.5984375 0.646875 0.5921875 0.6375 0.593359375 0.63125 0.6609375 0.5625 0.6625 0.5578125 0.6703125 0.553125 0.6796875 0.553125 0.6859375 0.5421875 0.6859375 0.528125 0.6796875 0.5140625 0.6778125 0.49781250000000005 0.7650111609375 0.49291294687500004 0.8015625 0.509375 0.8 0.521875 0.803125 0.5265625 0.8171875 0.528125 0.821875 0.525 0.82421875 0.529296875 0.828125 0.525 0.8328125 0.525 0.8322916671874999 0.5317708328124999 0.8565104171875 0.5391927078125 0.8553571421875 0.5419642859375 0.8622767859374999 0.545647321875 0.8645833328125001 0.5416666671875 0.869196428125 0.5493303578125001 0.896875 0.5640625 0.8984375 0.56875 0.909375 0.578125 0.9140625 0.5796875 0.9234375 0.5734375 0.928125 0.575 0.9375 0.571875 0.9421875 0.565625 0.9421875 0.559375 0.9359375 0.553125 0.9296875 0.5390625 0.9296875 0.5234375 0.9265625 0.5203125 0.91875 0.5203125 0.9171875 0.5171875 0.9078125 0.515625 0.9015625 0.509375 0.896875 0.509375 0.8953125 0.4984375 0.88125 0.4984375 0.859375 0.503125 0.8546875 0.50625 0.8484375 0.503125 0.8390625 0.503125 0.834375 0.5 0.8203125 0.5 0.8109375 0.5046875 0.7577008921874999 0.4896205359375 0.669977678125 0.45011160781250004 0.665625 0.45625 0.6640625 0.4546875 0.6626674109375 0.44681919687500005 0.648046875 0.440234375 0.64375 0.440625 0.6407366078125001 0.43694196406249997 0.6334263390625 0.433649553125 0.6390625 0.42890625 0.6375 0.4203125 0.63125 0.4125 0.603125 0.4109375 0.6041852671875 0.42047991093750003 0.596875 0.4171875 0.5924479171875 0.42380208281250004 0.596875 0.4296875 0.5880208328125 0.43041666718749994 0.47291666718750003 0.6023958328125001 0.4140625 0.56875 0.409375 0.5625 0.40640625 0.5678124999999999 0.4 0.5625 0.3953125 0.5671875 0.3953125 0.578125 0.4046875 0.584375 0.4125 0.5796875