75 1 0.2360275 0.7198800000000001 0.2794275 0.72436 0.4680075 0.9997400000000001 0.5174075 1 0.2360275
22 0.10102 0.6447475 0.0801 0.6525875 0.0496 0.5985475 0.053959999999999994 0.5968074999999999 0.0374 0.5741674999999999 0.02084 0.5820075 0.0191 0.5942075 0.06745999999999999 0.7032875 0.07034 0.7119074999999999 0.05454 0.7807875 0.06316000000000001 0.7908475 0.07464 0.7492275 0.13062 0.7391675 0.12194 0.6787275 0.11408 0.6430075000000001 0.10102 0.6447475
22 0.0543 0.5810875 0.08576 0.6268075 0.0886 0.6511075 0.11148 0.6482475 0.11004 0.6296674999999999 0.09862 0.6225275 0.09718 0.6168075 0.10147999999999999 0.6168075 0.07288 0.5596475 0.06717999999999999 0.5482075 0.05574 0.5610674999999999 0.0543 0.5810875
22 0.47126 0.5814675 0.47274000000000005 0.6561275 0.4608 0.6568674999999999 0.43542 0.6643475 0.4272 0.6733075000000001 0.42496 0.6949474999999999 0.43019999999999997 0.6986875 0.43244 0.6800075 0.43616 0.6718075 0.46304 0.6650875 0.47648 0.6680675 0.48095999999999994 0.6740475 0.4847 0.6844875 0.48544 0.7061474999999999 0.49216 0.7076475 0.4944 0.6889675000000001 0.48768 0.6665875 0.48841999999999997 0.6635875 0.5168 0.6621075000000001 0.52202 0.6680675 0.52576 0.6844875 0.5302399999999999 0.6830075 0.5295 0.6680675 0.5168 0.6561275 0.50112 0.6553875 0.4817 0.6561275 0.48095999999999994 0.6277475 0.48022 0.5814675 0.50336 0.5762475 0.5048600000000001 0.5687675 0.50186 0.5628075 0.48319999999999996 0.5553275 0.46006 0.5575675 0.44661999999999996 0.5635475 0.44064 0.5710075 0.44064 0.5725075000000001 0.44512 0.5799675 0.47126 0.5814675
22 0.15764 0.8206475 0.17034 0.8181075 0.16146 0.7482875 0.25288 0.7305075000000001 0.26938 0.8003475 0.27446000000000004 0.7965275 0.25922 0.6492475 0.25288 0.6187674999999999 0.22494 0.6175075 0.17542 0.6276474999999999 0.14748 0.6301875 0.14096 0.6443875 0.14384 0.6875475 0.14528000000000002 0.7321275 0.1496 0.7666675 0.15764 0.8206475
22 0.32082 0.5395675 0.30935999999999997 0.5295475 0.2979 0.5467275 0.31652 0.5596275 0.32082 0.5395675
27 0.13522 0.6548675 0.13696 0.6404275 0.14562 0.6288875 0.19702 0.6196475 0.24322 0.6156075000000001 0.25362 0.6196475 0.26056 0.6381275 0.31196 0.6306075 0.32986 0.7669275 0.3391 0.7640275 0.33852000000000004 0.7501675 0.3316 0.6491075000000001 0.3287 0.6034675 0.33332 0.5982675000000001 0.3339 0.5913475 0.28424 0.5266474999999999 0.12886 0.5439875 0.10404 0.6231074999999999 0.10656000000000002 0.6310275 0.10812 0.6326075 0.11282 0.6388675 0.14104 0.7987075 0.14216 0.8079275000000001 0.15486 0.8073475 0.13522 0.6548675
27 0.42632000000000003 0.4856275 0.43124 0.4905475 0.43258 0.4932475 0.47368 0.5126674999999999 0.49822 0.5221275000000001 0.5029399999999999 0.5144475 0.5230400000000001 0.5041075 0.5115000000000001 0.49700749999999994 0.5118 0.4881475 0.52186 0.48282749999999997 0.52776 0.48282749999999997 0.53396 0.4869675 0.53456 0.4919875 0.53456 0.49642749999999997 0.53456 0.4996675 0.51388 0.5091275000000001 0.50412 0.5150475 0.50264 0.5182875 0.505 0.5236075 0.52598 0.5336475 0.56884 0.5513874999999999 0.61494 0.5703075 0.64656 0.5830075 0.68202 0.5989675 0.6826 0.5608475 0.6648799999999999 0.5617275 0.65838 0.5611475 0.64568 0.5292275 0.6376999999999999 0.5289275 0.62824 0.5315875 0.6179 0.5298075 0.61612 0.5111875 0.60164 0.5073475000000001 0.60164 0.5165075 0.59928 0.5203675 0.591 0.5203675 0.58894 0.5052875 0.57416 0.4990875 0.57534 0.49730749999999996 0.56588 0.49228750000000004 0.5673600000000001 0.4887475 0.56558 0.4704075 0.5454600000000001 0.4721875 0.45408 0.4798075 0.42632000000000003 0.4856275
22 0.33264 0.5899475 0.33264 0.5826475 0.3348 0.5787875 0.3348 0.5689275 0.33608 0.5629275 0.3305 0.5625074999999999 0.32964000000000004 0.5573475 0.32322 0.5504875 0.3125 0.5517875 0.30906 0.5577875 0.31034 0.5534875 0.30691999999999997 0.5569275 0.33264 0.5899475
22 0.4997 0.5977875 0.5063799999999999 0.6111275 0.5355800000000001 0.6111275 0.5389 0.6978875 0.53306 0.6978875 0.52974 0.7054075 0.51556 0.7054075 0.49051999999999996 0.7104075 0.48134 0.7145675 0.48134 0.7396075 0.49219999999999997 0.7387675 0.49051999999999996 0.7354275 0.48886 0.7270875 0.4897 0.7212475 0.49554 0.7162474999999999 0.5113800000000001 0.7129075 0.5264 0.7120675000000001 0.53224 0.7129075 0.5364 0.7179075 0.5339 0.7379275 0.5364 0.7679674999999999 0.54642 0.7671275 0.54392 0.7471075 0.54392 0.7396075 0.54642 0.7229275000000001 0.55058 0.7162474999999999 0.5572600000000001 0.7137475 0.59646 0.7220875 0.59646 0.7379275 0.60648 0.7412675 0.60648 0.7396075 0.60314 0.7195875 0.5948 0.7087475000000001 0.5564199999999999 0.7070675 0.5530999999999999 0.7029075 0.54642 0.6987275000000001 0.54392 0.6153075 0.55976 0.6103075 0.57394 0.6061275 0.5764400000000001 0.5977875 0.5731200000000001 0.5911075 0.5681 0.5861075 0.5581 0.5861075 0.5355800000000001 0.5844475 0.53974 0.5827675 0.51972 0.5852674999999999 0.4997 0.5977875
22 0.23396 0.5151475 0.19496 0.5167075 0.17468 0.5198275 0.17156 0.5338675 0.16999999999999998 0.5401075 0.24020000000000002 0.5323075 0.23396 0.5151475
22 0.6006400000000001 0.6440475 0.59558 0.6587675 0.6086199999999999 0.6701275 0.63722 0.6814875 0.63976 0.7302675 0.6380600000000001 0.7715075 0.6262800000000001 0.7765475000000001 0.58632 0.7824275 0.5703400000000001 0.7887475 0.56572 0.7992675 0.56236 0.8085074999999999 0.5648799999999999 0.8181875 0.5753999999999999 0.8194475000000001 0.5724400000000001 0.8139875 0.5775 0.7971675 0.58548 0.7933675 0.59516 0.7933675 0.62544 0.7921075 0.6380600000000001 0.7950475 0.63218 0.8295475 0.6410199999999999 0.8331875 0.64144 0.8169275 0.6481600000000001 0.8034675 0.65658 0.7958875 0.68098 0.7954675 0.6814 0.7925275 0.67508 0.7874875 0.6633 0.7824275 0.65194 0.7689675 0.64942 0.7273275 0.64942 0.6789675 0.6603600000000001 0.6764275 0.68182 0.6722275 0.6856 0.6482475 0.6734 0.6389875 0.63848 0.6331075 0.62714 0.6339475 0.61368 0.6373075 0.6006400000000001 0.6440475
46 0.67986 0.5325275 0.67414 0.5308474999999999 0.6679 0.5328674999999999 0.6650400000000001 0.5382675 0.66286 0.5455075 0.66402 0.5493875 0.6704399999999999 0.5524074999999999 0.67818 0.5539275 0.68104 0.5510675 0.68172 0.5372475 0.67986 0.5325275