65 0.796265625 0.44901562500000003 0.790421875 0.455515625 0.798875 0.463953125 0.8352499999999999 0.48539062499999996 0.861890625 0.482796875 0.8359062500000001 0.471109375 0.796265625 0.44901562500000003
65 0.48010937499999995 0.47232812500000004 0.47443749999999996 0.4649375 0.466765625 0.463515625 0.46051562500000004 0.464375 0.45596875 0.4711875 0.45625 0.47657812499999996 0.46135937499999996 0.48539062499999996 0.4849375 0.485671875 0.48920312499999996 0.479703125 0.48010937499999995 0.47232812500000004
49 0.238296875 0.477703125 0.24203125 0.4814375 0.24390625 0.48612500000000003 0.251390625 0.48565625 0.248578125 0.474421875 0.232671875 0.458984375 0.23548437500000002 0.45009375 0.23454687500000002 0.44214062500000006 0.22799999999999998 0.43653125 0.21535937500000002 0.440265625 0.216296875 0.455234375 0.21021874999999998 0.458515625 0.202734375 0.4851875 0.231734375 0.48706250000000006 0.231734375 0.48051562499999995 0.232671875 0.47817187499999997 0.238296875 0.477703125
49 0.693078125 0.502609375 0.697375 0.494015625 0.696296875 0.48650000000000004 0.682328125 0.46392187500000004 0.676953125 0.45317187499999995 0.66834375 0.44349999999999995 0.660828125 0.45317187499999995 0.6597500000000001 0.46606249999999994 0.6522187500000001 0.47143750000000006 0.649 0.47896875000000005 0.6425468750000001 0.5036875000000001 0.651140625 0.5036875000000001 0.68446875 0.49831250000000005 0.68446875 0.48864062500000005 0.693078125 0.502609375
49 0.3995 0.44796874999999997 0.400875 0.45328125 0.401109375 0.45696875 0.3941875 0.456734375 0.391421875 0.46065625 0.387734375 0.48765625 0.39465625000000004 0.4871875 0.39465625000000004 0.47865624999999995 0.396265625 0.474734375 0.398796875 0.48696875000000006 0.42348437499999997 0.488578125 0.423953125 0.4625 0.420484375 0.456046875 0.4135625 0.454203125 0.416109375 0.4484375 0.41471875 0.447046875 0.41403125 0.44243750000000004 0.40642187500000004 0.43896875 0.40203125 0.44128125 0.3995 0.44796874999999997
49 0.9145625000000001 0.480375 0.909328125 0.45421875 0.897546875 0.44898437500000005 0.9014843750000001 0.44243750000000004 0.898203125 0.430671875 0.8903593750000001 0.43001562499999996 0.881859375 0.43851562499999996 0.8838125 0.44964062499999996 0.88709375 0.45225 0.880546875 0.46009374999999997 0.8779375 0.474484375 0.870734375 0.48103125 0.870734375 0.486265625 0.879890625 0.48364062499999994 0.8864375000000001 0.47253125 0.887734375 0.48821875 0.9125937499999999 0.49018750000000005 0.9145625000000001 0.480375
49 0.53053125 0.47050000000000003 0.530171875 0.47859375000000004 0.530359375 0.484 0.54603125 0.48382812499999994 0.5485625 0.482390625 0.5485625 0.478234375 0.543328125 0.46526562499999996 0.54009375 0.45734375 0.54153125 0.45337500000000003 0.54009375 0.4503125 0.5359375 0.44148437500000004 0.527828125 0.44129687500000003 0.525125 0.44346874999999997 0.523515625 0.45246875 0.524765625 0.45571875000000006 0.530359375 0.461125 0.5296406250000001 0.46399999999999997 0.5285624999999999 0.46706250000000005 0.53053125 0.47050000000000003
49 0.858015625 0.43717187500000004 0.8545468749999999 0.43574999999999997 0.8457968749999999 0.434921875 0.8413125000000001 0.43920312499999997 0.8404999999999999 0.4453125 0.8417187500000001 0.45367187500000006 0.8352031249999999 0.45773437499999997 0.8317343749999999 0.468125 0.8358125 0.47056250000000005 0.8402968749999999 0.46975 0.84009375 0.46771874999999996 0.841921875 0.46731249999999996 0.8449687499999999 0.474640625 0.847828125 0.4760625 0.87165625 0.47646875 0.8702343750000001 0.466296875 0.867375 0.45875000000000005 0.8578125 0.45203125 0.858625 0.443890625 0.8594375 0.44470312500000003 0.859234375 0.440625 0.858015625 0.43717187500000004
49 0.328921875 0.505765625 0.32240625 0.487484375 0.313921875 0.47509375 0.30934375 0.47509375 0.31456249999999997 0.46595312499999997 0.30934375 0.458765625 0.301515625 0.45746875 0.29498437499999997 0.46073437500000003 0.2936875 0.46985937499999997 0.29759375 0.477046875 0.285203125 0.483578125 0.28259375000000003 0.496625 0.27932812500000004 0.5070625 0.2819375 0.51228125 0.28976562499999997 0.51425 0.29434375 0.511640625 0.289109375 0.505109375 0.291734375 0.497921875 0.29759375 0.5129374999999999 0.3113125 0.5129374999999999 0.32240625 0.5070625 0.328921875 0.505765625
49 0.522109375 0.472171875 0.523421875 0.48684374999999996 0.5291875 0.485265625 0.5318125 0.48290625 0.530765625 0.46849999999999997 0.527359375 0.4614375 0.52578125 0.4575 0.5213281249999999 0.45382812499999997 0.511640625 0.449375 0.5074375 0.44781250000000006 0.508234375 0.44021875 0.5071875 0.43574999999999997 0.50246875 0.431828125 0.49643750000000003 0.43129687499999997 0.48884375 0.4341875 0.48884375 0.4425625 0.49093749999999997 0.446765625 0.491203125 0.44701562499999997 0.49303125000000003 0.449375 0.49329687499999997 0.45199999999999996 0.4880625 0.45776562500000006 0.48726562500000004 0.46693749999999995 0.48726562500000004 0.478984375 0.486484375 0.48842187499999995 0.49434374999999997 0.491296875 0.49434374999999997 0.48657812500000003 0.495125 0.47871874999999997 0.49565625 0.471390625 0.49828124999999995 0.47165625 0.49775 0.487890625 0.522375 0.48606249999999995 0.522640625 0.48107812499999997 0.520546875 0.47375 0.522109375 0.472171875
49 0.081734375 0.48482812500000005 0.0786875 0.47284375 0.06953125 0.4675625 0.07115625 0.46268750000000003 0.07196875 0.45332812499999997 0.06384375 0.4490625 0.056125 0.45190625000000006 0.054296875 0.463703125 0.05632812499999999 0.4675625 0.049015625 0.469796875 0.044140625 0.475484375 0.043734375 0.490109375 0.053484374999999994 0.490921875 0.081328125 0.48909375 0.081734375 0.48482812500000005
65 0.28246875 0.5025625 0.2890625 0.507625 0.29190625 0.502046875 0.293859375 0.507484375 0.293984375 0.50153125 0.29165625 0.499328125 0.29295312500000004 0.49778124999999995 0.28440625 0.49621875 0.28504687500000003 0.48859375 0.27884375 0.489234375 0.2725 0.49312500000000004 0.2708125 0.49609375 0.26990625 0.501015625 0.2710625 0.507234375 0.28090625 0.507484375 0.28246875 0.5025625
65 0.644265625 0.5016093749999999 0.6423281249999999 0.504515625 0.6423281249999999 0.506140625 0.6510625 0.507109375 0.66334375 0.50646875 0.673359375 0.507109375 0.675296875 0.506140625 0.667859375 0.50290625 0.65978125 0.49837499999999996 0.6507343750000001 0.497734375 0.644265625 0.5016093749999999
65 0.39856250000000004 0.485890625 0.39790625 0.47809375000000004 0.39553125 0.47809375000000004 0.396390625 0.4755 0.389890625 0.464453125 0.38209375 0.47657812499999996 0.38209375 0.486109375 0.38946875 0.48696875000000006 0.39465625000000004 0.48525 0.39856250000000004 0.485890625