26 0.178375 0.3406875 0.2015625 0.36040625 0.19343749999999998 0.363875 0.172578125 0.354609375 0.148234375 0.325625 0.1424375 0.346484375 0.1505625 0.37546875 0.119265625 0.38590625 0.09375 0.38937499999999997 0.072890625 0.42067187500000003 0.085640625 0.46240625 0.107671875 0.494859375 0.15403125 0.506453125 0.1806875 0.515734375 0.2015625 0.5447031250000001 0.232859375 0.557453125 0.298921875 0.519203125 0.36731250000000004 0.49601562499999996 0.35340625000000003 0.333734375 0.3499375 0.309390625 0.318640625 0.292015625 0.24792187499999999 0.28621875 0.194609375 0.2978125 0.16214062499999998 0.318671875 0.178375 0.3406875
32 0.418921875 0.19003125 0.423984375 0.174828125 0.420609375 0.12753125 0.41046875 0.12921875 0.41046875 0.164703125 0.39865625 0.18665625 0.40371875 0.21875 0.42567187500000003 0.25590625 0.440875 0.25759375 0.427359375 0.235640625 0.418921875 0.19003125
61 0.149171875 0.31432812499999996 0.148203125 0.321578125 0.17821875 0.364171875 0.20579687500000002 0.37434375000000003 0.15934375 0.31384375000000003 0.149171875 0.31432812499999996
15 0.678765625 0.59915625 0.6926249999999999 0.5976250000000001 0.70878125 0.59684375 0.7241875 0.593 0.73265625 0.5983906250000001 0.7495937500000001 0.592234375 0.7480625 0.572984375 0.7288125 0.54834375 0.722640625 0.53371875 0.725734375 0.500609375 0.704171875 0.49675 0.701859375 0.509078125 0.69415625 0.542953125 0.682609375 0.553734375 0.67259375 0.562203125 0.66259375 0.589921875 0.678765625 0.59915625
15 0.5956406249999999 0.56075 0.5885 0.5490625 0.582015625 0.542578125 0.5696875 0.536078125 0.56384375 0.5321875 0.53853125 0.5269999999999999 0.53659375 0.5269999999999999 0.53334375 0.534140625 0.532703125 0.536734375 0.530109375 0.547109375 0.523609375 0.55684375 0.519078125 0.566578125 0.5223125 0.577609375 0.5255625 0.5828125 0.535296875 0.588 0.543734375 0.59384375 0.5567031250000001 0.59578125 0.570328125 0.598375 0.58265625 0.600328125 0.590453125 0.597078125 0.5956406249999999 0.58540625 0.603421875 0.5892968749999999 0.6073125 0.58475 0.611859375 0.5743750000000001 0.609265625 0.569828125 0.598890625 0.563984375 0.5956406249999999 0.56075
15 0.57909375 0.473421875 0.5438125 0.48224999999999996 0.520859375 0.498140625 0.490859375 0.5369531249999999 0.47675 0.554609375 0.501453125 0.563421875 0.531453125 0.558140625 0.542046875 0.54578125 0.594984375 0.540484375 0.6055625 0.528140625 0.6038125 0.48754687499999994 0.57909375 0.473421875
15 0.449609375 0.8612343750000001 0.4578125 0.864640625 0.460359375 0.873984375 0.50028125 0.874828125 0.5133125 0.870015625 0.5237812500000001 0.8637812500000001 0.5240625 0.86321875 0.5277499999999999 0.85840625 0.530578125 0.845109375 0.52859375 0.831796875 0.5235000000000001 0.8221718750000001 0.5235000000000001 0.821890625 0.5175468750000001 0.813109375 0.505375 0.80659375 0.5017031249999999 0.8043437499999999 0.488671875 0.7992343749999999 0.48159375000000004 0.797828125 0.47253125 0.80178125 0.469703125 0.8063125 0.46885937499999997 0.811984375 0.47876562500000003 0.8244374999999999 0.477921875 0.8247187500000001 0.47225 0.826421875 0.46885937499999997 0.8284062499999999 0.46659375000000003 0.83775 0.45753125 0.834625 0.44875 0.8298125000000001 0.44337499999999996 0.8272656250000001 0.439984375 0.8267031250000001 0.4385625 0.8284062499999999 0.438 0.83378125 0.440828125 0.8405781250000001 0.44281249999999994 0.845953125 0.4416875 0.845953125 0.444234375 0.851046875 0.449609375 0.8612343750000001
15 0.47242187500000005 0.602390625 0.47573437500000004 0.597421875 0.49996875 0.599625 0.5153749999999999 0.59521875 0.507671875 0.5781562499999999 0.493359375 0.562734375 0.479578125 0.5500625 0.45425000000000004 0.536296875 0.43442187499999996 0.536296875 0.421203125 0.535203125 0.38651562500000003 0.525828125 0.384859375 0.54125 0.415140625 0.553921875 0.403578125 0.5704374999999999 0.4223125 0.599078125 0.45149999999999996 0.61284375 0.46471875 0.6084375 0.47242187500000005 0.602390625
19 0.22532812500000002 0.72378125 0.21081249999999999 0.72921875 0.22351562500000002 0.731953125 0.22532812500000002 0.731953125 0.24710937500000002 0.7301249999999999 0.25798437500000004 0.7283125 0.258890625 0.7246875 0.2725 0.7228749999999999 0.291546875 0.713796875 0.29609375 0.707453125 0.30153125 0.698375 0.30879687499999997 0.69384375 0.3305625 0.6802343750000001 0.33964062500000003 0.6738906250000001 0.344171875 0.66209375 0.344171875 0.649390625 0.342359375 0.643953125 0.33509375 0.643046875 0.32784375 0.644859375 0.320578125 0.653015625 0.31060937499999997 0.6684375 0.30153125 0.675703125 0.289734375 0.683859375 0.283390625 0.6893125 0.27521874999999996 0.69475 0.26160937500000003 0.702015625 0.254359375 0.706546875 0.24528124999999998 0.713796875 0.23440625 0.7201562499999999 0.23349999999999999 0.7174375000000001 0.228953125 0.7228749999999999 0.22532812500000002 0.72378125
19 0.730609375 0.266515625 0.7324843750000001 0.259046875 0.729671875 0.24689062499999997 0.710046875 0.24128124999999997 0.68946875 0.23940625 0.695078125 0.247359375 0.70396875 0.2515625 0.706765625 0.2604375 0.720328125 0.266046875 0.730609375 0.266515625
41 0.9998437499999999 0.55375 0.9998437499999999 0.545640625 0.982415625 0.52615 0.979765625 0.527265625 0.97660625 0.5196531249999999 0.9707968749999999 0.51315625 0.9507187500000001 0.501203125 0.9490000000000001 0.49778124999999995 0.9430234375 0.5058984375 0.9391718750000001 0.49393750000000003 0.9255156250000001 0.49564062499999995 0.9353281250000001 0.51059375 0.9847851562500001 0.53388671875 0.9998437499999999 0.55375
41 0.92534375 0.375765625 0.9315 0.398171875 0.932453125 0.3994375 0.9520156249999999 0.401015625 0.953125 0.397703125 0.948390625 0.39265625000000004 0.9302343750000001 0.371984375 0.926140625 0.372453125 0.92534375 0.37403125 0.92534375 0.375765625
19 0.5085468750000001 0.2684375 0.515265625 0.25365625 0.550203125 0.238203125 0.543484375 0.228125 0.521984375 0.24156249999999999 0.49645312500000005 0.26306250000000003 0.499140625 0.27246875 0.50115625 0.27717187499999996 0.5085468750000001 0.2684375
19 0.34957812499999996 0.30474999999999997 0.357875 0.29871875000000003 0.36353125 0.28740625 0.38653125 0.26440625 0.389546875 0.25534375 0.388046875 0.239890625 0.378625 0.251953125 0.3688125 0.26025 0.350328125 0.27534375 0.337890625 0.29759375 0.339015625 0.305125 0.34203125 0.305890625 0.34957812499999996 0.30474999999999997
27 0.994375 0.8151249999999999 0.9965091796875001 0.811210546875 0.8852330078125 0.5342113281249999 0.8883522734374999 0.53197443125 0.9165454546875 0.5454573859375 0.9202239578125001 0.5404010421875001 0.92359375 0.548828125 0.92275 0.5176484375 0.932015625 0.5117499999999999 0.9202187500000001 0.49321875000000004 0.92359375 0.48646874999999995 0.9455 0.496578125 0.9556250000000001 0.47635937500000003 0.9994375 0.48815625 1 0.215125 0.706384765625 0.2104421875 0.70510369375 0.21695738593749997 0.69844921875 0.210315625 0.6975951703125001 0.21465909062500002 0.6900866484375 0.21236079531250002 0.690513671875 0.21018906249999997 0.682578125 0.21006249999999999 0.7681001953125 0.24263320312499997 0.80304761875 0.3315803578125 0.6505625 0.3685 0.5005625 0.370171875 0.39588541718750003 0.35313194375 0.39342261875 0.3579821421875 0.3871626984375 0.3532202375 0.3878333328125 0.35182118125 0.380902778125 0.3484583328125 0.37978125 0.3505104171875 0.3717291671875 0.349199653125 0.3746428578125 0.343696428125 0.32456349218749997 0.305601190625 0.3994375 0.215125 0.3922734375 0.21891796874999997 0.3913619796875 0.215125 0.21370052031250003 0.215125 0.2118849203125 0.2198869046875 0.205625 0.215125 0.2011197921875 0.225140625 0.06742187499999999 0.22354687499999998 0.0050625 0.22523437500000001 0.0017281624999999998 0.8662916046875001 0.0016875000000000002 0.874109375 0.26668841875 0.8708336390625 0.2675170453125 0.8667514203125 0.27471875 0.870734375 0.1902765625 0.8205171874999999 0.143265625 0.762875 0.131453125 0.6752343749999999 0.18034375 0.59096875 0.22921874999999997 0.550515625 0.36067187500000003 0.48646874999999995 0.36046093749999997 0.478462890625 0.3687625 0.48579375 0.40112500000000006 0.48309375 0.49887499999999996 0.46287500000000004 0.52314375 0.4632125 0.524880953125 0.4579821421875 0.5312333328125 0.46332500000000004 0.5393229171875 0.46343750000000006 0.53740079375 0.467505953125 0.981855159375 0.8056011906249999 0.92696875 0.875 0.933096590625 0.8695568187499999 0.9356054687500001 0.875 0.9960625000000001 0.875 0.9994375 0.8185 0.994375 0.8151249999999999
15 0.385984375 0.596171875 0.38171875 0.59190625 0.39071875 0.57675 0.401625 0.5682343750000001 0.410625 0.5658593749999999 0.412984375 0.5559062499999999 0.40209374999999997 0.5502343749999999 0.38882812499999997 0.5469062499999999 0.38171875 0.5464375 0.369875 0.54928125 0.362296875 0.5582812500000001 0.356609375 0.566328125 0.35567187499999997 0.566328125 0.34571874999999996 0.5739062500000001 0.340984375 0.58765625 0.33909375 0.598546875 0.341453125 0.601390625 0.34903125 0.595234375 0.35378125 0.606125 0.356609375 0.601859375 0.369875 0.604703125 0.37225 0.60375 0.38220312500000003 0.601859375 0.385984375 0.596171875
15 0.35709375 0.724609375 0.374359375 0.71884375 0.385875 0.715015625 0.39240624999999996 0.6892968749999999 0.391640625 0.67625 0.38740625 0.66934375 0.371671875 0.6785625 0.361703125 0.68315625 0.354796875 0.68546875 0.347890625 0.6789375 0.34557812499999996 0.6731874999999999 0.3390625 0.67471875 0.328703125 0.68546875 0.319484375 0.698125 0.338296875 0.730359375 0.35709375 0.724609375
15 0.47326562499999997 0.544234375 0.48276562500000003 0.5499375 0.484671875 0.54740625 0.50621875 0.534734375 0.500515625 0.528390625 0.49607812500000004 0.523328125 0.487203125 0.516984375 0.4770625 0.5150781249999999 0.46057812499999995 0.51571875 0.45298437500000005 0.5150781249999999 0.456140625 0.52521875 0.45043749999999994 0.532828125 0.45234375 0.536625 0.46121875 0.536625 0.47326562499999997 0.544234375
15 0.5436093750000001 0.22746875000000003 0.5413593750000001 0.22395312500000003 0.53815625 0.22362500000000002 0.533984375 0.222984375 0.525984375 0.22346875000000002 0.520375 0.222984375 0.51075 0.22075 0.51909375 0.22618749999999999 0.501296875 0.2324375 0.503703125 0.23453125 0.5080312499999999 0.233890625 0.525015625 0.23548437500000002 0.527734375 0.23709375000000002 0.53334375 0.2346875 0.542484375 0.22795312499999998 0.54184375 0.22859375 0.543921875 0.22828125 0.5436093750000001 0.22746875000000003
15 0.28912499999999997 0.6734218750000001 0.298046875 0.6739843750000001 0.30809375 0.6695156250000001 0.312546875 0.6622656250000001 0.307190625 0.655903125 0.31478125 0.6522187500000001 0.305859375 0.63715625 0.2974921875 0.6374375 0.29647812500000004 0.643178125 0.29112187500000003 0.636815625 0.28912499999999997 0.63771875 0.28576562499999997 0.6304531250000001 0.28131249999999997 0.6365937500000001 0.278515625 0.6271093750000001 0.267359375 0.62990625 0.26568749999999997 0.6410625 0.265125 0.6583593750000001 0.27014062499999997 0.663375 0.279078125 0.64775 0.28912499999999997 0.6734218750000001
19 0.632359375 0.799484375 0.6188125 0.760375 0.59984375 0.74721875 0.5990624999999999 0.749921875 0.600609375 0.763859375 0.6068125 0.779734375 0.610296875 0.79715625 0.6068125 0.8021874999999999 0.603703125 0.811484375 0.612609375 0.82890625 0.62771875 0.875 0.65675 0.875 0.64590625 0.8424531249999999 0.632359375 0.799484375
19 0.41537499999999994 0.613296875 0.393578125 0.640328125 0.402734375 0.6420625 0.40490624999999997 0.65165625 0.40317187499999996 0.666921875 0.411453125 0.67084375 0.419296875 0.6595 0.4301875 0.639453125 0.45373437499999997 0.6106874999999999 0.45809375 0.604140625 0.43760937499999997 0.597171875 0.41537499999999994 0.613296875
19 0.413390625 0.721640625 0.41750781249999996 0.72446875 0.4149375 0.73115625 0.413390625 0.7321875 0.41914914843749995 0.7382698859375 0.40309375000000003 0.743 0.412875 0.749703125 0.42336079531250004 0.7453835234375 0.4321796875 0.7592187499999999 0.42575 0.764625 0.43599573906250005 0.76672443125 0.44020738593750003 0.77383806875 0.43089062499999997 0.776984375 0.427296875 0.7810937499999999 0.44479687500000004 0.80271875 0.4570539765625 0.8022926140625 0.45765625 0.8078593749999999 0.46126562499999996 0.80940625 0.46178125000000003 0.80684375 0.4593802078125 0.7970625 0.45284232968750004 0.7951789765624999 0.4569791671875 0.78728125 0.44863068124999994 0.788065340625 0.44441903437499997 0.7809517046875001 0.454578125 0.7775000000000001 0.43860937499999997 0.7538125 0.42162499999999997 0.71675 0.418546875 0.707484375 0.40412499999999996 0.6940937500000001 0.39846875000000004 0.6992499999999999 0.3995 0.7255 0.40515625 0.7265312500000001 0.413390625 0.721640625
19 0.585921875 0.23271875 0.6088125 0.22590625000000003 0.6178281250000001 0.216890625 0.615625 0.21201562499999999 0.6090625000000001 0.211046875 0.582265625 0.218109375 0.559859375 0.23028125 0.562296875 0.233203125 0.5666875 0.2341875 0.57740625 0.233203125 0.585921875 0.23271875
19 0.5535 0.276875 0.5676875 0.261671875 0.561265625 0.25389062500000004 0.552828125 0.2501875 0.534234375 0.275859375 0.534234375 0.27821875 0.5467500000000001 0.28025 0.5535 0.276875
19 0.5969375 0.297375 0.60884375 0.29817187500000003 0.6106874999999999 0.29289062499999996 0.59746875 0.287328125 0.5879375 0.28309375000000003 0.574171875 0.2801875 0.566765625 0.287328125 0.582109375 0.29314062500000004 0.5969375 0.297375
19 0.466578125 0.32709375 0.50509375 0.32790625 0.5115000000000001 0.323484375 0.5066875 0.319484375 0.490640625 0.315875 0.481421875 0.321078125 0.474203125 0.31546875 0.46778125 0.32028124999999996 0.44932812499999997 0.3246875 0.44532812499999996 0.3275 0.45053124999999994 0.329109375 0.466578125 0.32709375
19 0.5296406250000001 0.293765625 0.536125 0.289296875 0.5506562500000001 0.28371875 0.555796875 0.28371875 0.561375 0.278578125 0.551765625 0.278125 0.5461875 0.280359375 0.53590625 0.2796875 0.5274062500000001 0.2850625 0.521375 0.287296875 0.516453125 0.2913125 0.514453125 0.2944375 0.523828125 0.2944375 0.5296406250000001 0.293765625
19 0.634015625 0.286140625 0.6239375 0.285578125 0.6144375 0.291734375 0.606609375 0.2995625 0.6038125 0.30125 0.616109375 0.3113125 0.6228281250000001 0.31243750000000003 0.63009375 0.307953125 0.635140625 0.29396875 0.634015625 0.286140625