24 0.3509 0.5997275 0.35950000000000004 0.6641874999999999 0.40532 0.6770674999999999 0.53852 0.6484275 0.7390399999999999 0.5925675 0.74334 0.5782475 0.77772 0.5753874999999999 0.78774 0.4507675 0.63306 0.43358749999999996 0.6302 0.4106675 0.49842000000000003 0.42642749999999996 0.33228 0.43930749999999996 0.11601999999999998 0.46652750000000004 0.09165999999999999 0.4751275 0.10598 0.49088750000000003 0.08164 0.49088750000000003 0.03724 0.49804750000000003 0.0358 0.6398275 0.053000000000000005 0.6398275 0.08594 0.6341075 0.05586 0.5510275 0.07161999999999999 0.5510275 0.10169999999999998 0.5453075000000001 0.18762 0.5925675 0.22344 0.6025875 0.34087999999999996 0.5796875 0.3509 0.5997275
24 0.14354 0.5698075 0.11195999999999999 0.5511475 0.05884 0.5482675 0.08038 0.6315275 0.03014 0.6487475 0.03876 0.8195475 0.04306 0.8238675000000001 0.98034 0.8224275000000001 0.98464 0.7750475 0.94446 0.7607075 0.8583399999999999 0.8023275 0.81958 0.8195475 0.70332 0.7980275 0.65164 0.7563875 0.61864 0.7477875 0.63156 0.6774475 0.58992 0.6573675 0.54686 0.6473074999999999 0.4306 0.6745875 0.42055999999999993 0.6788875 0.3617 0.6602275 0.34592 0.5870275 0.32726 0.5812875 0.22677999999999998 0.6028075 0.14354 0.5698075
22 0.47794 0.40378749999999997 0.4766 0.4100475 0.44530000000000003 0.4131675 0.4462 0.43016750000000004 0.47928 0.4256875 0.48106 0.3997675 0.48554 0.3836675 0.46943999999999997 0.37786749999999997 0.43994 0.37786749999999997 0.4377 0.3908275 0.44530000000000003 0.3930675 0.44798 0.4020075 0.47794 0.40378749999999997
22 0.0007199999999999999 0.42140750000000005 0.0036 0.42630749999999995 0.00974 0.4254875 0.0064600000000000005 0.4373675 0.01628 0.4386075 0.00932 0.4476075 0.0126 0.4672675 0.00932 0.4791475 0.03472 0.4852875 0.05888 0.4873475 0.060219999999999996 0.4616503578125 0.08058 0.4672675 0.08222 0.4811875 0.09409999999999999 0.47872750000000003 0.09328 0.4672675 0.081 0.46808750000000005 0.07076 0.4164875 0.07322 0.41320750000000006 0.0728 0.4074675 0.07076 0.39764750000000004 0.06708 0.3902675 0.04332 0.3956075 0.027339999999999996 0.3968275 0.00032 0.39518749999999997 0.0007199999999999999 0.42140750000000005
27 0.17787999999999998 0.4330075 0.18312 0.42162750000000004 0.18838 0.41812750000000004 0.20064 0.41550750000000003 0.26278 0.41374750000000005 0.27154 0.41636749999999995 0.2733 0.4233875 0.27592 0.4233875 0.29691999999999996 0.41986749999999995 0.29691999999999996 0.41550750000000003 0.29256000000000004 0.4058675 0.32582 0.4058675 0.3372 0.4102475 0.36784 0.4041275 0.36434 0.41724750000000005 0.3801 0.41724750000000005 0.38184 0.41200749999999997 0.38448000000000004 0.40062749999999997 0.41685999999999995 0.3953675 0.45362 0.40062749999999997 0.4545 0.41286750000000005 0.47375999999999996 0.4102475 0.48163999999999996 0.4067475 0.49128 0.4049875 0.48163999999999996 0.4032475 0.45011999999999996 0.3944875 0.44400000000000006 0.3892275 0.39936 0.3953675 0.37746 0.38836750000000003 0.34158 0.3857275 0.31882 0.3866075 0.29518 0.38836750000000003 0.2733 0.3953675 0.25404 0.4014875 0.23128 0.4093675 0.21025999999999997 0.4102475 0.19888 0.4093675 0.19276 0.4023675 0.17612 0.4058675 0.17612 0.3944875 0.17524 0.3778475 0.16124 0.37348750000000003 0.1481 0.3726075 0.14986 0.3787275 0.1516 0.4014875 0.15074 0.4014875 0.13848 0.4041275 0.12272000000000001 0.4049875 0.1166 0.4076275 0.11046 0.42250750000000004 0.09734000000000001 0.4242475 0.09469999999999999 0.41550750000000003 0.08244 0.4233875 0.08070000000000001 0.41462750000000004 0.07544 0.41462750000000004 0.017660000000000002 0.41724750000000005 0.00804 0.4295075 0.046560000000000004 0.4391275 0.07106 0.4400075 0.16386 0.4408875 0.15948 0.44264749999999997 0.17612 0.4365075 0.17787999999999998 0.4330075
22 0.01004 0.5524475 0.016819999999999998 0.5241075000000001 0.025759999999999998 0.5244074999999999 0.03716 0.5818075 0.04208 0.5784275 0.03808 0.5072275 0.050660000000000004 0.4954675 0.04528 0.4847075 0.014499999999999999 0.4808475 0.00296 0.48008749999999994 0 0.4316075 0.0008 0.5154675 0.00047999999999999996 0.5262675 0.00634 0.5265675 0.00634 0.5515275 0.01004 0.5524475
78 0.20562 0.40924750000000004 0.20488 0.40366749999999996 0.20376 0.3978875 0.20562 0.3934275 0.20804 0.39080750000000003 0.2084 0.3870875 0.20692 0.3813075 0.20674 0.3764675 0.19892 0.3744275 0.19296 0.3740475 0.1924 0.3815075 0.19538 0.3895075 0.19984 0.3939875 0.2004 0.4047875 0.20022 0.4047875 0.20524 0.41240750000000004 0.20562 0.40924750000000004
78 0.08008 0.4225875 0.08664 0.4225875 0.091 0.4200475 0.08628 0.4171275 0.08664 0.40330750000000004 0.09028 0.40074750000000003 0.0932 0.39164750000000004 0.09646 0.3745475 0.07682 0.3734675 0.07461999999999999 0.3869275 0.07572 0.3938475 0.08227999999999999 0.40256749999999997 0.08227999999999999 0.4145875 0.07644 0.4167675 0.07461999999999999 0.41930750000000006 0.08008 0.4225875
78 0.10502 0.4216075 0.11184000000000001 0.4216075 0.10895999999999999 0.4140475 0.10932 0.40074750000000003 0.11399999999999999 0.3960675 0.11616 0.3795275 0.09638 0.3795275 0.09566 0.3874475 0.10322 0.4003875 0.10502 0.4122475 0.10394 0.41656750000000003 0.10034000000000001 0.42088749999999997 0.10502 0.4216075
12 0.9803000000000001 0.4904675 0.96234 0.4799875 0.94138 0.4769875 0.892 0.4769875 0.8875 0.49644750000000004 0.9294 0.5069275 0.9803000000000001 0.4904675
77 0.24169999999999997 0.3910875 0.23064 0.3910875 0.21190000000000003 0.39242750000000004 0.21658 0.4058275 0.22396 0.4145275 0.233 0.41152749999999994 0.24169999999999997 0.3910875
78 0.16612 0.40074750000000003 0.17062 0.3921875 0.17424 0.3777475 0.16612 0.37188750000000004 0.16114 0.3714275 0.15348 0.37414749999999997 0.15167999999999998 0.3836075 0.15348 0.39668749999999997 0.15394000000000002 0.4061675 0.15348 0.40976749999999995 0.15122 0.4187875 0.15394000000000002 0.4197075 0.16386 0.4201475 0.1625 0.4224075 0.17018 0.4106675 0.16612 0.40074750000000003
78 0.37662 0.3818875 0.37806 0.3833475 0.38096 0.3840675 0.3812 0.3898675 0.38096 0.3930075 0.38096 0.3932475 0.37902 0.3947075 0.37878 0.3947075 0.37662 0.3956675 0.37612 0.3968875 0.37612 0.3976075 0.38242 0.3988075 0.38628 0.39808750000000004 0.38652000000000003 0.39808750000000004 0.38774000000000003 0.39640749999999997 0.38676 0.3944675 0.38458000000000003 0.3930075 0.38434 0.3927675 0.38434 0.3922875 0.38434 0.3893875 0.38434 0.3881875 0.38458000000000003 0.3867275 0.38748 0.3838275 0.38774000000000003 0.38164750000000003 0.38845999999999997 0.3787475 0.38917999999999997 0.3741675 0.38942 0.3729475 0.38942 0.3688475 0.38942 0.36570749999999996 0.38798 0.3640075 0.38483999999999996 0.3637675 0.37928 0.3640075 0.37662 0.3649675 0.37273999999999996 0.3649675 0.3742 0.3659475 0.37372 0.3722275 0.37372 0.3777875 0.37492000000000003 0.3799675 0.37662 0.3818875
22 0.1321 0.4049875 0.1377 0.4063875 0.14098 0.40172749999999996 0.14704 0.3993875 0.15311999999999998 0.3989075 0.14798 0.3858475 0.11528000000000001 0.3914475 0.11062000000000001 0.4007875 0.11434 0.41198750000000006 0.11714 0.4110675 0.12228000000000001 0.4049875 0.1321 0.4049875
77 0.15360000000000001 0.4079675 0.15360000000000001 0.4197475 0.16233999999999998 0.4262275 0.17148000000000002 0.4235475 0.17565999999999998 0.4121475 0.17376 0.40226749999999994 0.16843999999999998 0.3961875 0.17072 0.38476750000000004 0.17376 0.38058749999999997 0.15094000000000002 0.3779275 0.15626 0.3889475 0.15702 0.3927675 0.15626 0.3999875 0.15360000000000001 0.4079675
14 0.9167400000000001 0.3602875 0.92476 0.3586875 0.9301 0.3554875 0.9378399999999999 0.3490875 0.94024 0.3429475 0.94396 0.3360075 0.9228799999999999 0.3354675 0.90206 0.3357475 0.8895200000000001 0.3362675 0.88658 0.3365475 0.8916600000000001 0.3490875 0.89646 0.3570875 0.90686 0.3597675 0.9167400000000001 0.3602875
14 0.8741 0.6581475 0.8701800000000001 0.6611075 0.8701800000000001 0.6519275 0.85904 0.6476675000000001 0.84002 0.6496275 0.82494 0.6443875 0.80496 0.6532275000000001 0.83478 0.6909275 0.8511599999999999 0.6922475 0.8600199999999999 0.6830675 0.8741 0.6581475
14 0.8129799999999999 0.6218475 0.82272 0.6240875 0.8309599999999999 0.6270875 0.83172 0.6330675 0.8399599999999999 0.6345675 0.8481799999999999 0.6330675 0.85418 0.6315675 0.8751599999999999 0.6225875000000001 0.90438 0.6121075 0.9126200000000001 0.6008675 0.90736 0.5926275000000001 0.8736599999999999 0.5821475 0.8257199999999999 0.5768875 0.77178 0.5753874999999999 0.74782 0.5813875000000001 0.73808 0.5933675 0.74332 0.5948675 0.77928 0.6203475 0.7935 0.6248275 0.80174 0.6263275 0.8129799999999999 0.6218475
22 0.47672 0.4088475 0.47672 0.4047275 0.45477999999999996 0.4028875 0.45068 0.4015275 0.44792 0.4015275 0.44884 0.3928475 0.43878000000000006 0.3905475 0.42964 0.3928475 0.41638000000000003 0.39374750000000003 0.38804 0.3974075 0.38714 0.3969475 0.3789 0.43808749999999996 0.44792 0.42940750000000005 0.44702000000000003 0.41340750000000004 0.47672 0.4088475
22 0.26684 0.4005675 0.2757 0.40088749999999995 0.27734000000000003 0.39268749999999997 0.28356 0.3930275 0.28814 0.38876750000000004 0.29832000000000003 0.3894075 0.29864 0.3786075 0.28847999999999996 0.3822075 0.2698 0.3831875 0.26749999999999996 0.38842750000000004 0.26456 0.39990749999999997 0.26684 0.4005675
22 0.32330000000000003 0.4412275 0.33184 0.43986749999999997 0.34516 0.4402075 0.36806 0.4402075 0.36634 0.4316675 0.36532 0.4190275 0.36738 0.3995475 0.35302 0.4063875 0.33798 0.4084275 0.31304 0.4063875 0.2987 0.4067275 0.29392 0.4415675 0.29186 0.4460075 0.31886000000000003 0.4415675 0.32330000000000003 0.4412275
77 0.98716 0.3742275 0.98478 0.3782075 0.9898199999999999 0.3888275 0.9869 0.4023875 0.9858399999999999 0.4169875 0.99088 0.4281275 0.9882199999999999 0.4392875 0.99328 0.44300750000000005 0.9991199999999999 0.44406749999999995 0.9991199999999999 0.3742275 0.9898199999999999 0.3729075 0.98716 0.3742275
78 0.10551999999999999 0.4062875 0.10386 0.40268750000000003 0.1008 0.3946275 0.09414 0.3851875 0.09192 0.3979675 0.0872 0.40434749999999997 0.08888 0.40766749999999996 0.0958 0.4112875 0.09554 0.42542749999999996 0.09858 0.4257075 0.09942 0.4148875 0.10551999999999999 0.4062875
77 0.94866 0.26630750000000003 0.94716 0.2711475 0.94716 0.2756675 0.94898 0.2792875 0.95078 0.2832075 0.9535 0.28440750000000004 0.9703799999999999 0.28440750000000004 0.9743 0.27988749999999996 0.9764200000000001 0.27264750000000004 0.9761200000000001 0.26812749999999996 0.974 0.26330749999999997 0.9703799999999999 0.2611875 0.96706 0.2590675 0.9667600000000001 0.25576750000000004 0.95922 0.25454750000000004 0.95922 0.2578675 0.9535 0.25968749999999996 0.9510799999999999 0.2620875 0.94866 0.26630750000000003
1 0.23471999999999998 0.3816675 0.23879999999999998 0.3874075 0.24198 0.3855075 0.25014 0.3894475 0.25752 0.3869075 0.25854 0.3824475 0.2509 0.3776075 0.24452 0.3760675 0.23650000000000002 0.37670750000000003 0.23471999999999998 0.3816675
77 0.23843999999999999 0.4039475 0.24251999999999999 0.4062075 0.25046 0.4046275 0.2559 0.39712749999999997 0.25748000000000004 0.3891875 0.24954 0.3891875 0.23616 0.3898675 0.2339 0.3935075 0.23412000000000002 0.3982675 0.23843999999999999 0.4039475