24 0.64515625 0.765328125 0.9016093749999999 0.78790625 0.9983906250000001 0.786296875 1 0.592734375 0.930640625 0.602421875 0.8403281249999999 0.59596875 0.77903125 0.59596875 0.738703125 0.62178125 0.72096875 0.62821875 0.6951562499999999 0.6330625000000001 0.672578125 0.6427343750000001 0.664515625 0.63790625 0.6258125 0.668546875 0.35 0.565328125 0.349678125 0.573390625 0.3416125 0.5659734375000001 0.266125 0.57178125 0.20967013906249998 0.5739270828125 0.14515625000000001 0.57821875 0.6177343750000001 0.7669374999999999 0.6177343750000001 0.7556406250000001 0.64515625 0.765328125
49 0.41146874999999994 0.734765625 0.41293749999999996 0.736234375 0.415140625 0.736234375 0.42028125000000005 0.739171875 0.42614062500000005 0.74284375 0.46429687499999994 0.74503125 0.48409375 0.7516406250000001 0.49803125000000004 0.74796875 0.4995 0.745765625 0.51784375 0.7384375000000001 0.5449843750000001 0.736234375 0.5581875000000001 0.72596875 0.581671875 0.728890625 0.6088125 0.7611718749999999 0.6146874999999999 0.7355 0.62128125 0.7215625 0.624953125 0.70615625 0.627890625 0.690015625 0.62715625 0.6797500000000001 0.62421875 0.66728125 0.6198125 0.654796875 0.61615625 0.6467343750000001 0.6110156250000001 0.577046875 0.609546875 0.57190625 0.6058749999999999 0.55796875 0.6036718750000001 0.5455 0.5963437500000001 0.52128125 0.5919375 0.500015625 0.577265625 0.4809375 0.5699375 0.472875 0.5449843750000001 0.456734375 0.5449843750000001 0.44571875 0.54425 0.42151562499999995 0.54425 0.41417187499999997 0.5435156250000001 0.41051562500000005 0.5413281249999999 0.38703125 0.5391250000000001 0.36135937500000004 0.532515625 0.34228125 0.53178125 0.3356875 0.52371875 0.324671875 0.515640625 0.3188125 0.50684375 0.31146875 0.495109375 0.299734375 0.48996874999999995 0.299734375 0.478234375 0.299734375 0.46209375 0.304140625 0.447421875 0.304875 0.42467187500000003 0.32028124999999996 0.421015625 0.32687499999999997 0.41734375 0.33201562500000004 0.410734375 0.33715625 0.4070625 0.343015625 0.4019375 0.350359375 0.401203125 0.35475 0.39826562499999996 0.38482812499999997 0.40853124999999996 0.42957812500000003 0.415140625 0.450125 0.41440625000000003 0.45453124999999994 0.393859375 0.46185937499999996 0.37771875 0.46846875 0.361578125 0.48020312499999995 0.345453125 0.513953125 0.34984375 0.6034531249999999 0.34764062500000004 0.608578125 0.412203125 0.62253125 0.41146874999999994 0.734765625
42 0.234265625 0.758703125 0.267984375 0.7485937500000001 0.3016875 0.75196875 0.35729687499999996 0.7688125 0.37415625 0.780625 0.38932812499999997 0.760390625 0.412921875 0.741859375 0.40954687500000003 0.6221875 0.092703125 0.5766875 0.12303125 0.7401718749999999 0.158421875 0.741859375 0.208984375 0.763765625 0.234265625 0.758703125
12 0.379671875 0.25525000000000003 0.381890625 0.307515625 0.39190625 0.307515625 0.39635937499999996 0.24303124999999998 0.379671875 0.25525000000000003
12 0.352734375 0.44234375000000004 0.35331250000000003 0.44145312499999995 0.352734375 0.40384374999999995 0.36065625 0.40384374999999995 0.360375 0.396203125 0.323640625 0.39914062499999997 0.323640625 0.3994375 0.31746875 0.44528125 0.352734375 0.44234375000000004
12 0.472125 0.2588125 0.479609375 0.228625 0.474125 0.22564062499999998 0.454921875 0.22090625 0.4506875 0.22090625 0.4506875 0.22190625000000003 0.4489375 0.273765625 0.4494375 0.27526562499999996 0.470640625 0.2785 0.472125 0.2588125
12 0.36317187500000003 0.136828125 0.366546875 0.19424999999999998 0.38682812499999997 0.1891875 0.3800625 0.125 0.36317187500000003 0.136828125
12 0.412796875 0.1324375 0.413296875 0.17621875 0.420515625 0.174734375 0.420015625 0.12571875 0.412546875 0.125 0.412796875 0.1324375
12 0.40096875 0.30089062499999997 0.40096875 0.30153125 0.40639062499999995 0.30057812500000003 0.40734375 0.27342187500000004 0.4025625 0.25075 0.40096875 0.30089062499999997
12 0.348828125 0.257859375 0.344875 0.2605 0.34684375 0.32021875 0.35365625 0.317140625 0.357171875 0.2600625 0.35540625000000003 0.256984375 0.3551875 0.256984375 0.348828125 0.257859375
12 0.368515625 0.313375 0.371453125 0.251765625 0.365578125 0.2546875 0.364109375 0.25321875 0.360453125 0.31484375 0.368515625 0.313375
12 0.447578125 0.223921875 0.445796875 0.21990625000000003 0.4426875 0.220359375 0.440453125 0.22303125000000001 0.43956249999999997 0.275140625 0.444015625 0.27646875 0.447578125 0.23415625 0.447578125 0.223921875
53 0.26379687500000004 0.565453125 0.257171875 0.5635625 0.197953125 0.567359375 0.19890625 0.57303125 0.20837500000000003 0.5749375 0.26190625 0.573515625 0.26379687500000004 0.565453125
12 0.4178125 0.236375 0.41381249999999997 0.30146875 0.4208125 0.309484375 0.4218125 0.23537499999999997 0.4178125 0.236375
12 0.3764375 0.250546875 0.374328125 0.3095625 0.381203125 0.30771875 0.38253125 0.24975 0.3764375 0.250546875
12 0.372125 0.25190625 0.368953125 0.3113125 0.373578125 0.309859375 0.376265625 0.25020312499999997 0.372125 0.25190625
12 0.42932812499999995 0.29425 0.43323437499999995 0.22990624999999998 0.42989062499999997 0.228234375 0.428203125 0.22767187500000002 0.42596875 0.29425 0.42932812499999995 0.29425
7 1 0.7868906250000001 0.6113593749999999 0.743203125 0.601984375 0.77440625 0.6909375 0.79 0.8157500000000001 0.8337031250000001 0.9593125 0.86490625 1 0.86490625 1 0.7868906250000001
47 0 0.5936874999999999 0.01225 0.597 0.018875 0.6003125 0.0325625 0.600734375 0.04209375 0.605296875 0.052859375 0.6094375000000001 0.064046875 0.610265625 0.092640625 0.618546875 0.093875 0.6227031249999999 0.09221875 0.62559375 0.08434375 0.631390625 0.076890625 0.640515625 0.06653125 0.648390625 0.071921875 0.648390625 0.072328125 0.645484375 0.079796875 0.643828125 0.093046875 0.6450781250000001 0.10423437499999999 0.6463125 0.10175000000000001 0.634296875 0.08890624999999999 0.5791875 0.09098437499999999 0.573390625 0.097609375 0.571734375 0.13696875 0.577109375 0.138625 0.55184375 0.14609375 0.441625 0.13739062500000002 0.44037499999999996 0.13490625 0.436234375 0.122890625 0.436640625 0.07523437499999999 0.446171875 0.068609375 0.45404687499999996 0.0681875 0.46109375 0.068609375 0.46896875 0.074828125 0.47062499999999996 0.070671875 0.485546875 0 0.479328125 0 0.5936874999999999