75 0.229296875 0.560109375 0.26568749999999997 0.560109375 0.238828125 0.56790625 0.259625 0.5705 0.29948437499999997 0.56790625 0.322 0.55925 0.32287499999999997 0.5540468749999999 0.31074999999999997 0.5523125 0.353203125 0.5401875 0.347125 0.447484375 0.21110937500000002 0.46134375 0.21890625 0.55578125 0.229296875 0.560109375
23 0.078046875 0.37110937499999996 0.091125 0.36428125 0.097390625 0.350625 0.097390625 0.338109375 0.08771875 0.323875 0.076328125 0.31648437500000004 0.06096875 0.31590625 0.051296875 0.323875 0.04675 0.3295625 0.043328125 0.336390625 0.043328125 0.34265625 0.0421875 0.347203125 0.041625 0.346640625 0.045609375 0.35745312500000004 0.053578125 0.36484375 0.06381250000000001 0.37110937499999996 0.078046875 0.37110937499999996
53 0.76478125 0.76809375 0.7482968750000001 0.7689843749999999 0.746953125 0.77165625 0.7678906249999999 0.797484375 0.778578125 0.7979375 0.788375 0.7948125 0.76478125 0.76809375
53 0.6389843749999999 0.8042187500000001 0.638296875 0.799625 0.598375 0.793890625 0.577265625 0.789984375 0.56028125 0.792046875 0.551109375 0.8014531249999999 0.55271875 0.8042187500000001 0.6018125000000001 0.808578125 0.6185625 0.8012343749999999 0.634171875 0.80628125 0.6389843749999999 0.8042187500000001
53 0.756953125 0.786203125 0.7205 0.78478125 0.722140625 0.79865625 0.751296875 0.80078125 0.754828125 0.797953125 0.760234375 0.78878125 0.756953125 0.786203125
24 1 0.769171875 0.9938541671875001 0.7641588546875 0.996146875 0.76213125 0.9877083328125 0.7591458328125 0.99229375 0.755090625 0.9845875 0.741009375 0.9895390624999999 0.7321328125 0.9983437500000001 0.730296875 0.9990781249999999 0.710484375 0.9800000000000001 0.725890625 0.97853125 0.730296875 0.9807343749999999 0.7339687500000001 0.9754166671875 0.7491197921875 0.963125 0.73909375 0.9248923609374999 0.780753471875 0.9139687500000001 0.7926562500000001 0.9352499999999999 0.797046875 0.997609375 0.7809062499999999 1 0.77578125 1 0.769171875
12 0.48115625 0.443578125 0.4729375 0.445015625 0.471015625 0.48268750000000005 0.483078125 0.48559374999999994 0.48115625 0.443578125
12 0.8509062500000001 0.579234375 0.8410781249999999 0.574703125 0.827484375 0.5845312500000001 0.830125 0.64121875 0.8410781249999999 0.64159375 0.8391875000000001 0.58490625 0.8509062500000001 0.579234375
12 0.8110156249999999 0.32521875 0.81365625 0.372078125 0.8178124999999999 0.37434375000000003 0.8174374999999999 0.324453125 0.8110156249999999 0.32521875
12 0.881453125 0.501515625 0.8984687499999999 0.499515625 0.8968125 0.49517187500000004 0.878125 0.4925 0.8584375 0.498171875 0.8584375 0.559890625 0.879796875 0.561234375 0.8794531250000001 0.501515625 0.881453125 0.501515625
12 0.9224062500000001 0.407109375 0.9138125 0.40684375 0.91246875 0.46410937499999994 0.913 0.46571875 0.9210625 0.465984375 0.9224062500000001 0.407109375
12 0.890625 0.37021875 0.890234375 0.349328125 0.88965625 0.323015625 0.8838437499999999 0.32225000000000004 0.883453125 0.322046875 0.8836562499999999 0.370015625 0.890625 0.37021875
12 0.9119531249999999 0.520203125 0.91175 0.5063125 0.9255156250000001 0.502453125 0.9149843750000001 0.49982812499999996 0.8977656250000001 0.50621875 0.8979687500000001 0.561921875 0.9129687499999999 0.563546875 0.91215625 0.520203125 0.9119531249999999 0.520203125
12 0.876765625 0.40895312500000003 0.877390625 0.40149999999999997 0.8494375 0.404609375 0.8481875000000001 0.404609375 0.8488125 0.46671874999999996 0.8649687500000001 0.46485937499999996 0.8649687500000001 0.41020312499999995 0.876765625 0.40895312500000003
12 0.938390625 0.366453125 0.9564843749999999 0.36535937500000004 0.9564843749999999 0.35109375 0.9614218749999999 0.34671875 0.95921875 0.3138125 0.942234375 0.31271875 0.93675 0.311625 0.9356562500000001 0.314359375 0.9329062499999999 0.36590625 0.938390625 0.366453125
12 0.887734375 0.406921875 0.8824375 0.405171875 0.877734375 0.40634375 0.866859375 0.40928125 0.8662812499999999 0.4648125 0.8795 0.4648125 0.8812656249999999 0.409578125 0.887734375 0.406921875
12 0.8908437499999999 0.5070781249999999 0.900203125 0.50475 0.911125 0.501359375 0.9069687500000001 0.49979687500000003 0.8950156249999999 0.50084375 0.883578125 0.501875 0.8794062500000001 0.50240625 0.8799374999999999 0.559078125 0.8799374999999999 0.56115625 0.891375 0.55959375 0.8908437499999999 0.5070781249999999
12 0.8991093749999999 0.598734375 0.89875 0.594421875 0.9080937499999999 0.589015625 0.9077343750000001 0.581109375 0.89334375 0.5796718750000001 0.87859375 0.58865625 0.8782343750000001 0.589734375 0.8778750000000001 0.6469375 0.8904687499999999 0.6498125 0.890109375 0.5998125 0.8991093749999999 0.598734375
20 1 0.782703125 0.9930937500000001 0.785484375 0.983625 0.788265625 0.9685937499999999 0.794390625 0.9596875 0.7966249999999999 0.9602499999999999 0.794390625 0.9496718749999999 0.7966249999999999 0.943546875 0.797734375 0.936875 0.79940625 0.9318593749999999 0.79884375 0.9257500000000001 0.7949531249999999 0.917953125 0.79384375 0.9129375 0.79384375 0.907375 0.794390625 0.9012499999999999 0.797734375 0.89625 0.799953125 0.894578125 0.8005156250000001 0.8901249999999999 0.799953125 0.8823281250000001 0.799953125 0.88678125 0.8116406250000001 0.8890156250000001 0.821109375 0.8890156250000001 0.830015625 0.8895625 0.835578125 0.891796875 0.84059375 0.89625 0.8444843750000001 0.9018124999999999 0.8489375000000001 0.904046875 0.850046875 0.91015625 0.8545 0.9123906249999999 0.8611718749999999 0.9157343750000001 0.865625 0.9196249999999999 0.86953125 0.9224062500000001 0.872859375 0.923515625 0.873984375 0.999203125 0.873984375 1 0.782703125
42 0.514703125 0.8491875 0.513 0.862765625 0.5503125 0.8737812500000001 0.643578125 0.875 0.708875 0.837328125 0.706328125 0.826296875 0.619 0.7983125 0.514703125 0.8491875
12 0.46346875 0.44623437499999996 0.4649375 0.4851875 0.47223437500000004 0.486171875 0.47078125000000004 0.44671874999999994 0.46346875 0.44623437499999996
12 0.3609375 0.546875 0.3703125 0.575 0.38125 0.5984375 0.3890625 0.609375 0.3875 0.6515625 0.390625 0.6640625 0.3953125 0.675 0.4078125 0.6921875 0.4203125 0.703125 0.434375 0.7109375 0.45 0.715625 0.48125 0.715625 0.4921875 0.7125 0.5125 0.7015625 0.528125 0.6859375 0.5359375 0.6734375 0.5421875 0.6765625 0.559375 0.7 0.5859375 0.7171875 0.6234375 0.7296875 0.6546875 0.7296875 0.6625 0.7265625 0.6796875 0.7265625 0.6875 0.7234375 0.70625 0.721875 0.7234375 0.715625 0.7359375 0.7078125 0.7578125 0.6828125 0.765625 0.6625 0.7811458328125 0.6663541671875 0.78125 0.675 0.790625 0.690625 0.7984375 0.715625 0.8046875 0.725 0.8109375 0.7421875 0.8234375 0.759375 0.840625 0.7734375 0.865625 0.7828125 0.896875 0.7828125 0.915625 0.7765625 0.928125 0.76875 0.94375 0.753125 0.959375 0.725 0.9859375 0.725 0.9984375 0.7203125 0.8742708328125 0.6894791671875 0.8890625 0.65 0.884375 0.6484375 0.8868750000000001 0.6415625 0.878125 0.6078125 0.890625 0.6 0.8984375 0.6 0.9 0.59375 0.9078125 0.590625 0.90625 0.5640625 0.9125 0.5640625 0.915625 0.50625 0.921875 0.5046875 0.921875 0.5015625 0.915625 0.5 0.9203125 0.4671875 0.91484375 0.455859375 0.921875 0.43125 0.921875 0.4078125 0.934375 0.3671875 0.95625 0.365625 0.9578125 0.35 0.9609375 0.3484375 0.9578125 0.3140625 0.9984375 0.28125 0.9859375 0.275 0.975 0.271875 0.9015625 0.26875 0.89375 0.271875 0.8625 0.2734375 0.846875 0.278125 0.8328125 0.2859375 0.8203125 0.296875 0.80625 0.315625 0.7984375 0.315625 0.79375 0.3203125 0.79375 0.3453125 0.7875 0.365625 0.7859375 0.3796875 0.7765625 0.3921875 0.7671875 0.4125 0.7578125 0.45 0.7578125 0.478125 0.7640625 0.4984375 0.7234375 0.5125 0.7109375 0.4890625 0.6953125 0.4734375 0.6828125 0.465625 0.6640625 0.459375 0.63125 0.459375 0.615625 0.4640625 0.5921875 0.4796875 0.5765625 0.5 0.5640625 0.525 0.559375 0.559375 0.5484375 0.5734375 0.5296875 0.5609375 0.5265625 0.5359375 0.51875 0.5203125 0.5234375 0.503125 0.5265625 0.4765625 0.540625 0.459375 0.546875 0.4453125 0.55 0.4296875 0.5484375 0.4015625 0.54375 0.3875 0.534375 0.371875 0.51875 0.35625 0.50625 0.3484375 0.4875 0.3421875 0.4546875 0.3421875 0.4296875 0.3515625 0.415625 0.3625 0.384375 0.40625 0.3734375 0.4375 0.36875 0.4703125 0.3625 0.490625 0.359375 0.5078125 0.3669642859375 0.5178571421875 0.359375 0.5203125 0.3609375 0.546875