0 0.34971874999999997 0.33246875 0.293765625 0.44089062500000004 0.11190625000000001 0.363953125 0.097921875 0.3884375 0.5008125 0.58378125 0.7064375 0.626234375 0.6819531249999999 0.507328125 0.8620625000000001 0.5930156249999999 0.19234374999999998 0.2170625 0.18884375 0.2170625 0.166109375 0.238046875 0.34971874999999997 0.33246875
49 0.6265625 0.63725 0.6296406250000001 0.637796875 0.6276875000000001 0.642296875 0.631046875 0.64425 0.6321718749999999 0.6436875 0.633859375 0.6369687500000001 0.6363749999999999 0.63725 0.6358125 0.58646875 0.63440625 0.580859375 0.633015625 0.578609375 0.6358125 0.5774843749999999 0.632734375 0.57440625 0.628234375 0.569921875 0.62375 0.571875 0.62375 0.577203125 0.6245937500000001 0.581984375 0.62346875 0.5861875000000001 0.617859375 0.591234375 0.620671875 0.59628125 0.620953125 0.599375 0.616171875 0.6038593750000001 0.61590625 0.6344375 0.62234375 0.6369687500000001 0.621515625 0.64453125 0.62684375 0.642296875 0.62684375 0.641734375 0.6265625 0.63725
49 0.6054375000000001 0.56825 0.600328125 0.570453125 0.600328125 0.572640625 0.598140625 0.580671875 0.5944843750000001 0.582125 0.59375 0.598921875 0.59375 0.633234375 0.5974062499999999 0.643453125 0.6017812499999999 0.643453125 0.6010625 0.63834375 0.603984375 0.6390781249999999 0.60325 0.643453125 0.6149218750000001 0.642 0.61346875 0.628859375 0.61565625 0.60840625 0.61784375 0.596 0.6149218750000001 0.58359375 0.6098125 0.578484375 0.6127343749999999 0.56971875 0.6054375000000001 0.56825
49 0.5466249999999999 0.586859375 0.5446093750000001 0.5778125000000001 0.5370781250000001 0.566265625 0.53809375 0.5592343750000001 0.535078125 0.5562343750000001 0.528046875 0.556734375 0.530546875 0.56828125 0.520015625 0.572796875 0.522515625 0.588359375 0.513484375 0.6205 0.517 0.6230156250000001 0.5139843749999999 0.6405937500000001 0.5295468750000001 0.64159375 0.5310625 0.6405937500000001 0.54009375 0.6044375 0.5466249999999999 0.586859375
49 0.563828125 0.61784375 0.5644843749999999 0.6348906249999999 0.5751875 0.6351093750000001 0.5751875 0.6423125 0.58153125 0.64296875 0.5813125 0.6359843749999999 0.5859062500000001 0.637078125 0.58678125 0.64275 0.592234375 0.64296875 0.5911562499999999 0.635546875 0.5911562499999999 0.635328125 0.594859375 0.6333593750000001 0.593546875 0.5913906250000001 0.592671875 0.582859375 0.5856874999999999 0.57653125 0.5863437499999999 0.5710625 0.58503125 0.56821875 0.58284375 0.5664687500000001 0.57890625 0.5664687500000001 0.5751875 0.57215625 0.5751875 0.5745625000000001 0.5782499999999999 0.5763125 0.57759375 0.5789375 0.571703125 0.584171875 0.567328125 0.593796875 0.566671875 0.601234375 0.565359375 0.6101875 0.563828125 0.61784375
49 0.350828125 0.60584375 0.356234375 0.6051249999999999 0.356234375 0.594328125 0.3544375 0.581734375 0.35803124999999997 0.56840625 0.355875 0.5568906250000001 0.346875 0.563734375 0.34615625 0.5738125000000001 0.342546875 0.5874843750000001 0.345078125 0.5997343749999999 0.34435937499999997 0.614484375 0.34364062500000003 0.6155781250000001 0.35046875 0.61665625 0.350828125 0.60584375
49 0.365640625 0.6018125000000001 0.36512500000000003 0.6216875 0.37209375 0.6216875 0.3713125 0.609546875 0.37415625 0.59328125 0.37646875 0.5865781250000001 0.376734375 0.57546875 0.37209375 0.569015625 0.37209375 0.5623125 0.373640625 0.558703125 0.37053125 0.55765625 0.368734375 0.55740625 0.3674375 0.55740625 0.36640625 0.55765625 0.36589062499999997 0.56025 0.365375 0.56153125 0.362796875 0.564125 0.35867187500000003 0.5687656249999999 0.357375 0.570578125 0.35659375 0.581671875 0.357109375 0.584515625 0.355828125 0.595875 0.357109375 0.600515625 0.356859375 0.61909375 0.35943749999999997 0.622453125 0.363046875 0.620125 0.36434375 0.595875 0.365640625 0.6018125000000001
49 0.305796875 0.60021875 0.30903125 0.604 0.309578125 0.61046875 0.310109375 0.613703125 0.31442187499999996 0.61209375 0.31496875 0.608046875 0.316859375 0.606421875 0.31765625000000003 0.610203125 0.321171875 0.6134375000000001 0.32278125 0.6110156250000001 0.322515625 0.6053437500000001 0.32629687500000004 0.60021875 0.32629687500000004 0.5894375000000001 0.32359375 0.5843125 0.324671875 0.581609375 0.324671875 0.578109375 0.324953125 0.57325 0.32414062499999996 0.570828125 0.32359375 0.5689375 0.32225000000000004 0.566234375 0.321984375 0.5638124999999999 0.3214375 0.562734375 0.32009375 0.561109375 0.31875 0.5586875 0.3163125 0.5567968750000001 0.313625 0.5603125 0.312265625 0.561109375 0.312265625 0.5638124999999999 0.31334375 0.5670468750000001 0.3076875 0.57109375 0.306875 0.57971875 0.30660937499999996 0.594828125 0.304984375 0.59834375 0.305796875 0.60021875
49 0.063765625 0.59240625 0.067 0.612921875 0.07420312500000001 0.613640625 0.070234375 0.5956406249999999 0.068078125 0.572953125 0.07240625 0.571875 0.078515625 0.57259375 0.078515625 0.5690000000000001 0.07528125 0.560359375 0.071671875 0.5599999999999999 0.070234375 0.56359375 0.06771875000000001 0.562515625 0.064125 0.558203125 0.06159375 0.5524375 0.05728124999999999 0.552078125 0.054390625000000005 0.555671875 0.055125 0.560359375 0.054390625000000005 0.562875 0.048640625 0.5690000000000001 0.050078124999999994 0.575125 0.054031249999999996 0.5733125 0.052593749999999995 0.579796875 0.052234375 0.589515625 0.056203125 0.590953125 0.057640625 0.6125625 0.060515624999999997 0.61184375 0.06159375 0.59240625 0.063765625 0.59240625
49 0.29975 0.60446875 0.303640625 0.602921875 0.303265625 0.5803281250000001 0.29975 0.567078125 0.29975 0.557734375 0.29040625000000003 0.558515625 0.285734375 0.570203125 0.289625 0.586953125 0.28728125000000004 0.597078125 0.2880625 0.6114843750000001 0.3013125 0.613046875 0.29975 0.60446875
49 0.021718750000000002 0.5997343749999999 0.022593750000000003 0.5879375 0.02346875 0.577 0.02434375 0.569796875 0.02390625 0.562796875 0.022375 0.558640625 0.017140625 0.553828125 0.018437500000000002 0.54771875 0.018 0.5431250000000001 0.014515624999999999 0.54071875 0.011234375000000001 0.539625 0.007734375 0.5431250000000001 0.011890625 0.564546875 0.011890625 0.577 0.010796875000000001 0.5833437499999999 0.008609374999999999 0.590125 0.008609374999999999 0.593171875 0.008609374999999999 0.595140625 0.009921875 0.608921875 0.016046875 0.608484375 0.01953125 0.608484375 0.02084375 0.608046875 0.021718750000000002 0.5997343749999999
49 0.050562499999999996 0.555671875 0.050562499999999996 0.557078125 0.049453125 0.559125 0.047421875 0.561328125 0.04521875 0.56415625 0.044265624999999996 0.56603125 0.041609375 0.5702812500000001 0.0395625 0.574359375 0.038140625 0.5778125000000001 0.041281250000000005 0.581109375 0.042234375000000005 0.583 0.042390625 0.585984375 0.043484375 0.5900624999999999 0.04459375 0.59509375 0.04475 0.598859375 0.04584375 0.599015625 0.0456875 0.6035781250000001 0.0469375 0.608921875 0.049453125 0.610171875 0.0518125 0.610640625 0.05354687500000001 0.605609375 0.055265625 0.60028125 0.055734375 0.5963437500000001 0.054640625 0.592578125 0.054484374999999995 0.5914843750000001 0.052593749999999995 0.589125 0.05228125 0.5826875 0.052593749999999995 0.578125 0.054328125000000005 0.574203125 0.05354687500000001 0.573265625 0.050234375 0.574046875 0.048984375000000004 0.5704374999999999 0.049296875000000004 0.567921875 0.0511875 0.5661875000000001 0.052593749999999995 0.56446875 0.05354687500000001 0.563671875 0.054484374999999995 0.562890625 0.054328125000000005 0.561328125 0.054171875 0.55928125 0.054171875 0.557078125 0.055890625000000006 0.5539375 0.05653125 0.55315625 0.055265625 0.550796875 0.054234375 0.551109375 0.05290625 0.551265625 0.050234375 0.551265625 0.049765625 0.553 0.050562499999999996 0.555671875
49 0.040890625 0.56834375 0.0369375 0.5814843749999999 0.0395625 0.585 0.0365 0.60471875 0.045046875 0.601421875 0.043078125 0.577328125 0.045265625 0.56309375 0.05096874999999999 0.558703125 0.050078124999999994 0.552359375 0.043296875 0.552359375 0.039781250000000004 0.556078125 0.03125 0.56134375 0.040890625 0.56834375
49 0.72575 0.63328125 0.727515625 0.620078125 0.73278125 0.6042500000000001 0.7266250000000001 0.594578125 0.72046875 0.579609375 0.709921875 0.578734375 0.7063906249999999 0.5857812499999999 0.7063906249999999 0.5928125 0.7072812500000001 0.61128125 0.70815625 0.624484375 0.70815625 0.642078125 0.72046875 0.648234375 0.724875 0.642953125 0.72575 0.63328125
49 0.5546875 0.646875 0.565625 0.6375 0.5640625 0.6171875 0.56875 0.578125 0.5671875 0.56875 0.6282366078125 0.572209821875 0.7671875 0.6134375000000001 0.7671875 0.640625 0.76875 0.646875 0.7734375 0.6515625 0.7875 0.6515625 0.7953125 0.640625 0.7752232140624999 0.6015625 0.7671875 0.604375 0.7671875 0.5953125 0.7776041671875 0.5932291671875001 0.7953125 0.5859375 0.790625 0.5796875 0.771875 0.58125 0.7671875 0.5859375 0.7638950890625 0.5807477671875 0.6362165171874999 0.572712053125 0.5625 0.5625 0.5564174109375 0.5676897328125 0.553125 0.5625 0.5484375 0.5671875 0.534375 0.63125 0.5359375 0.6375 0.54375 0.646875 0.5546875 0.646875