4 0.84434375 0.59715625 0.868578125 0.64253125 0.870953125 0.642296875 0.8502812499999999 0.595015625 0.84434375 0.59715625
4 0.584578125 0.749125 0.5757656250000001 0.6855 0.574453125 0.682234375 0.5685781249999999 0.6853281250000001 0.5725 0.682234375 0.5679375 0.682890625 0.580171875 0.7445625 0.581640625 0.7494531249999999 0.584578125 0.749125
5 0.921671875 0.711796875 0.926546875 0.708296875 0.92246875 0.703640625 0.917828125 0.699796875 0.913296875 0.697640625 0.91034375 0.698546875 0.9057031249999999 0.700140625 0.9024218749999999 0.703984375 0.90321875 0.704890625 0.906953125 0.710328125 0.91046875 0.711921875 0.9130625 0.710671875 0.914421875 0.7105625 0.91940625 0.712703125 0.921671875 0.711796875
5 0.44048437500000004 0.5157499999999999 0.438296875 0.509625 0.436546875 0.506234375 0.4346875 0.5039374999999999 0.432171875 0.5041562500000001 0.430859375 0.5057968749999999 0.43118749999999995 0.509296875 0.43392187499999996 0.5142187500000001 0.436328125 0.514765625 0.438953125 0.515640625 0.44048437500000004 0.5157499999999999
49 0.12285937499999999 0.563359375 0.11373437500000001 0.577046875 0.109171875 0.57978125 0.10279687500000001 0.587078125 0.10004687500000001 0.594375 0.10004687500000001 0.59803125 0.118296875 0.601671875 0.121953125 0.5971093749999999 0.12559375 0.587078125 0.13015625 0.57978125 0.138375 0.60440625 0.145671875 0.614453125 0.153875 0.61809375 0.160265625 0.6171875 0.16209374999999998 0.6135312500000001 0.154796875 0.59803125 0.14840625000000002 0.55696875 0.14931250000000001 0.53690625 0.145671875 0.5296093749999999 0.145671875 0.526875 0.146578125 0.516828125 0.145671875 0.510453125 0.128328125 0.508625 0.127421875 0.515015625 0.131984375 0.5296093749999999 0.12376562499999999 0.5432812499999999 0.12468749999999999 0.5560625 0.12285937499999999 0.563359375
49 0.574015625 0.787765625 0.586046875 0.7907656249999999 0.5875468749999999 0.789265625 0.5950624999999999 0.78025 0.5920468750000001 0.7847500000000001 0.5755312499999999 0.8072968749999999 0.571015625 0.8268281249999999 0.640140625 0.8268281249999999 0.644640625 0.8148125 0.644640625 0.80278125 0.643140625 0.787765625 0.641640625 0.7592187499999999 0.631125 0.7486875000000001 0.6266093749999999 0.73215625 0.628125 0.723140625 0.6191093750000001 0.702109375 0.608578125 0.703609375 0.5995625 0.718640625 0.6010625 0.72765625 0.605578125 0.73215625 0.590546875 0.750203125 0.58153125 0.7652187500000001 0.574015625 0.787765625
49 0.8520625000000001 0.694375 0.8568125 0.672578125 0.8655312500000001 0.66465625 0.882171875 0.6618906250000001 0.877015625 0.6488125 0.871875 0.639703125 0.8679062500000001 0.641671875 0.871875 0.651578125 0.857609375 0.6507968749999999 0.8623593749999999 0.6385156249999999 0.857609375 0.630578125 0.8508749999999999 0.628609375 0.842953125 0.63771875 0.84096875 0.647625 0.831859375 0.656734375 0.8263125 0.676546875 0.8211562499999999 0.694375 0.8286875 0.70903125 0.82946875 0.7209218749999999 0.819171875 0.741125 0.8322499999999999 0.75459375 0.8350156249999999 0.740328125 0.84571875 0.722890625 0.8496874999999999 0.736765625 0.847703125 0.7648906249999999 0.8682968750000001 0.7621249999999999 0.86196875 0.75696875 0.8647343749999999 0.7209218749999999 0.8520625000000001 0.694375
49 0.9784375000000001 0.727046875 0.974015625 0.7055 0.9629687499999999 0.695546875 0.9640625 0.688921875 0.958546875 0.680625 0.944171875 0.67896875 0.932015625 0.685046875 0.93421875 0.701625 0.924828125 0.706046875 0.9165468750000001 0.69665625 0.90328125 0.702734375 0.9110156249999999 0.7154375 0.9242812499999999 0.760203125 0.9110156249999999 0.77125 0.913234375 0.774015625 0.9259375000000001 0.775671875 0.9403124999999999 0.770703125 0.9353281250000001 0.749703125 0.954125 0.760203125 0.96571875 0.7574375 0.96571875 0.746390625 0.9690468750000001 0.7336875 0.9784375000000001 0.727046875
49 1 0.7350625 0.9980625 0.67421875 0.9939375 0.6680312500000001 0.9929062500000001 0.6608125 0.99084375 0.65565625 0.99084375 0.654625 0.983625 0.65359375 0.971265625 0.65565625 0.9702343750000001 0.6587500000000001 0.9733124999999999 0.68453125 0.9702343750000001 0.69071875 0.9702343750000001 0.7 0.968171875 0.70928125 0.9733124999999999 0.72371875 0.9661093749999999 0.7350625 0.9588906250000001 0.76909375 0.956828125 0.770125 0.9506406249999999 0.7732187500000001 0.9506406249999999 0.778375 0.9588906250000001 0.7814687499999999 0.9815625000000001 0.78559375 0.98053125 0.78353125 0.9877499999999999 0.7381562500000001 1 0.7350625
49 0.8647343749999999 0.5020781249999999 0.861703125 0.5125 0.8633906250000001 0.515859375 0.86640625 0.516875 0.8670781249999999 0.5135 0.86640625 0.510484375 0.8694375000000001 0.504765625 0.8694375000000001 0.510484375 0.86978125 0.542765625 0.868765625 0.55015625 0.874484375 0.553515625 0.87784375 0.550484375 0.87784375 0.5444375 0.87784375 0.526625 0.879859375 0.53334375 0.8812031250000001 0.547796875 0.8828906249999999 0.55184375 0.88490625 0.547796875 0.885578125 0.53603125 0.885921875 0.5192187500000001 0.8879374999999999 0.517875 0.891625 0.516875 0.8922968750000001 0.514515625 0.895671875 0.507125 0.8899531250000001 0.49031250000000004 0.8828906249999999 0.48559374999999994 0.8828906249999999 0.481234375 0.8815468750000001 0.476859375 0.8754843749999999 0.475171875 0.8731406249999999 0.47887500000000005 0.87346875 0.48559374999999994 0.870453125 0.48828125 0.8684375 0.489640625 0.8647343749999999 0.5020781249999999
49 0.442 0.478734375 0.43168749999999995 0.48809375 0.433375 0.49259375 0.4301875 0.50965625 0.4350625 0.51490625 0.43525 0.518453125 0.43075 0.531390625 0.43168749999999995 0.5334531250000001 0.43093750000000003 0.537390625 0.43562500000000004 0.538140625 0.4463125 0.51115625 0.4495 0.51640625 0.4485625 0.537015625 0.4530625 0.5409531249999999 0.45679687500000005 0.5407656249999999 0.45642187500000003 0.50234375 0.455109375 0.50103125 0.45679687500000005 0.49878125000000006 0.455671875 0.49503125 0.45698437500000005 0.49315625 0.45754687499999996 0.50984375 0.46092187500000004 0.51153125 0.46204687499999997 0.50928125 0.462796875 0.49784375000000003 0.46410937499999994 0.49334375 0.46129687500000005 0.482109375 0.456234375 0.48004687500000004 0.45660937500000004 0.47592187499999994 0.454921875 0.471796875 0.455109375 0.471609375 0.45118749999999996 0.469921875 0.44800000000000006 0.471234375 0.44725000000000004 0.478734375 0.442 0.478734375
49 0.20237500000000003 0.823890625 0.2054375 0.8157343750000001 0.209515625 0.79840625 0.209515625 0.7887187499999999 0.18912500000000002 0.782609375 0.178421875 0.7866875 0.1723125 0.7907656249999999 0.16924999999999998 0.8029999999999999 0.16875 0.8096249999999999 0.17028125 0.819296875 0.172828125 0.822875 0.173328125 0.823890625 0.16721875 0.8330624999999999 0.209515625 0.83359375 0.209515625 0.8279687499999999 0.20237500000000003 0.823890625
49 0.352640625 0.44815625 0.35109375 0.45062499999999994 0.35109375 0.45340625 0.3535625 0.45432812499999997 0.35634375 0.452171875 0.3588125 0.45062499999999994 0.36065625 0.45309375 0.36343749999999997 0.451234375 0.363140625 0.449703125 0.36375 0.445984375 0.3640625 0.44135937500000005 0.364984375 0.43550000000000005 0.364671875 0.43025 0.36653125000000003 0.42684375 0.367140625 0.423453125 0.365609375 0.41851562500000006 0.364375 0.416046875 0.364671875 0.41203124999999996 0.36128125 0.41079687500000006 0.359125 0.41171875 0.357890625 0.415125 0.355421875 0.41728125 0.3541875 0.41974999999999996 0.352328125 0.423453125 0.35171874999999997 0.4253125 0.355109375 0.43364062499999995 0.35325 0.43920312499999997 0.352640625 0.443515625 0.352640625 0.44692187499999997 0.352640625 0.44815625
49 0.302328125 0.8129062499999999 0.298203125 0.80878125 0.28959375 0.8052187500000001 0.28434375 0.8046562500000001 0.27440625 0.8067187499999999 0.26990625 0.81365625 0.26653125 0.8245156250000001 0.26784375 0.83359375 0.303078125 0.83359375 0.305140625 0.828078125 0.302328125 0.8129062499999999
49 0.32715625 0.7930937499999999 0.311125 0.78975 0.3004375 0.7934375 0.2964375 0.80178125 0.29709375 0.808796875 0.3004375 0.8104687500000001 0.30278125 0.8137968750000001 0.30478125 0.8211562499999999 0.30578125 0.829828125 0.304453125 0.83359375 0.3295 0.83284375 0.3295 0.83084375 0.3295 0.828828125 0.328484375 0.8305 0.32815625000000004 0.82415625 0.329828125 0.8171406250000001 0.329828125 0.803109375 0.32715625 0.7930937499999999
5 0.13884375 0.545734375 0.141328125 0.5449531249999999 0.14164062500000002 0.5426249999999999 0.13884375 0.5387500000000001 0.13387500000000002 0.5412343749999999 0.134640625 0.545109375 0.135421875 0.545890625 0.13884375 0.545734375
5 0.36003124999999997 0.4368125 0.361875 0.43657812500000004 0.362828125 0.43553125000000004 0.362984375 0.43409375 0.362828125 0.432828125 0.363234375 0.432015625 0.361953125 0.4310625 0.36131250000000004 0.431859375 0.360203125 0.43298437500000003 0.359078125 0.43393750000000003 0.35939062499999996 0.43537499999999996 0.36003124999999997 0.4368125