20 0.7203906250000001 0.43348437500000003 0.728890625 0.43589062500000003 0.74590625 0.43698437500000004 0.767078125 0.425203125 0.762921875 0.41603124999999996 0.751578125 0.40490624999999997 0.742421875 0.400546875 0.72453125 0.40164062500000003 0.7264999999999999 0.3970625 0.722125 0.391609375 0.7227812499999999 0.3850625 0.717546875 0.388984375 0.707296875 0.388765625 0.697921875 0.38265625000000003 0.69921875 0.388984375 0.70140625 0.39378125 0.6959531250000001 0.39837500000000003 0.698359375 0.41035937499999997 0.7203906250000001 0.43348437500000003
24 0.48709375 0.597578125 0.516125 0.592734375 0.52903125 0.584671875 0.688703125 0.618546875 0.683875 0.641125 0.727421875 0.663703125 0.7419374999999999 0.6798437500000001 0.7580625000000001 0.67821875 0.769359375 0.64596875 0.809671875 0.6169374999999999 0.817734375 0.6072656249999999 0.822578125 0.592734375 0.830640625 0.515328125 0.8580625 0.47178125 0.843546875 0.46854687500000003 0.8451562499999999 0.447578125 0.843546875 0.42015624999999995 0.8258125 0.40726562499999996 0.788703125 0.418546875 0.777421875 0.42178125 0.75484375 0.42821875 0.7419374999999999 0.431453125 0.7258125 0.43629687500000003 0.716125 0.42984375 0.70321875 0.418546875 0.683875 0.40242187500000004 0.666125 0.40081249999999996 0.6387031249999999 0.39596875 0.6112968750000001 0.389515625 0.5725781249999999 0.381453125 0.556453125 0.384671875 0.54515625 0.40081249999999996 0.46290624999999996 0.40726562499999996 0.46290624999999996 0.41209375000000004 0.48548437499999997 0.439515625 0.45 0.442734375 0.44839062500000004 0.45726562499999995 0.46129687500000005 0.47821875 0.46773437500000004 0.489515625 0.46290624999999996 0.51209375 0.46129687500000005 0.55403125 0.46129687500000005 0.5830625 0.459671875 0.597578125 0.47257812499999996 0.608875 0.48709375 0.597578125
51 0.54478125 0.37682812499999996 0.5485781249999999 0.37820312500000003 0.554109375 0.384078125 0.554453125 0.384765625 0.555140625 0.389265625 0.556171875 0.389265625 0.56515625 0.384765625 0.56896875 0.38234375 0.575875 0.38234375 0.587609375 0.384421875 0.5941875 0.38684375000000004 0.59453125 0.38684375000000004 0.5993593749999999 0.383390625 0.60315625 0.3813125 0.6073125 0.377859375 0.609375 0.37440625 0.609375 0.3675 0.609375 0.364390625 0.6073125 0.36196875 0.6028125 0.360234375 0.5917656250000001 0.358859375 0.58415625 0.35678125 0.5634375 0.35678125 0.559640625 0.35748437499999997 0.554796875 0.361625 0.5516875 0.36715624999999996 0.548921875 0.370265625 0.5465 0.37371875 0.54478125 0.37682812499999996
53 0.357640625 0.678390625 0.3339375 0.6599999999999999 0.322796875 0.666296875 0.33103125 0.683234375 0.344578125 0.7045312499999999 0.36103125 0.703078125 0.364421875 0.697265625 0.36393749999999997 0.6919375 0.357640625 0.678390625
41 0.45251562500000003 0.643171875 0.446765625 0.642859375 0.4458125 0.6466875 0.44964062499999996 0.6505156249999999 0.45218749999999996 0.650203125 0.453796875 0.650203125 0.530109375 0.6201875 0.52659375 0.616984375 0.46815625 0.638390625 0.45251562500000003 0.643171875
22 0.891375 0.44956250000000003 0.87928125 0.45004687499999996 0.872984375 0.4534375 0.8691093750000001 0.4573125 0.87346875 0.46021875 0.8628281250000001 0.5483125 0.8667031250000001 0.549765625 0.8705624999999999 0.5255625 0.88025 0.52846875 0.88025 0.5366875 0.88509375 0.5366875 0.88703125 0.5289531249999999 0.898640625 0.53040625 0.91896875 0.388109375 0.901546875 0.387625 0.899609375 0.38471875 0.8981562500000001 0.384234375 0.891375 0.44956250000000003
51 0.462515625 0.41789062499999996 0.45671875 0.41403125 0.44995312500000006 0.4130625 0.438359375 0.399546875 0.4345 0.40437500000000004 0.4345 0.426578125 0.44078125 0.44299999999999995 0.45864062499999997 0.440109375 0.462984375 0.426578125 0.462515625 0.41789062499999996
51 0.8139375 0.337703125 0.81815625 0.33034375 0.81815625 0.325078125 0.81078125 0.32140625 0.806578125 0.325078125 0.8028906250000001 0.329296875 0.79921875 0.32771875 0.788171875 0.325078125 0.788703125 0.332453125 0.793953125 0.331390625 0.7960625 0.335078125 0.8039531249999999 0.33665625 0.8055312499999999 0.34034375 0.79921875 0.34192187500000004 0.797640625 0.35348437499999996 0.796578125 0.35928125 0.806046875 0.360859375 0.8176249999999999 0.360859375 0.8192031249999999 0.35928125 0.8223593749999999 0.3435 0.821828125 0.34296875 0.81446875 0.33928125 0.8139375 0.337703125
77 0.6460781250000001 0.22779687499999998 0.63809375 0.22748437500000002 0.634265625 0.23259375000000002 0.634265625 0.25973437499999996 0.646390625 0.25878125 0.647984375 0.230359375 0.6460781250000001 0.22779687499999998
77 0.520796875 0.31701562499999997 0.520546875 0.318578125 0.520546875 0.321421875 0.520796875 0.324546875 0.5213125 0.327390625 0.520796875 0.3286875 0.52028125 0.329984375 0.520796875 0.331796875 0.52209375 0.33309375 0.52209375 0.33414062499999997 0.52209375 0.336734375 0.52209375 0.34114062500000003 0.520015625 0.34140625 0.518203125 0.34192187500000004 0.517953125 0.34321875 0.518203125 0.347109375 0.51665625 0.34865625 0.52909375 0.348921875 0.52909375 0.34684375 0.528578125 0.34503125 0.527796875 0.3424375 0.5272812499999999 0.340875 0.5280625 0.33128125 0.529625 0.32790625 0.529875 0.324546875 0.530140625 0.32039062500000004 0.530390625 0.3180625 0.52884375 0.313390625 0.527796875 0.310015625 0.5236562499999999 0.30975 0.522359375 0.31234375000000003 0.5210625 0.31546875 0.520796875 0.31701562499999997
51 0.7774375 0.41646875000000005 0.793921875 0.40996875 0.8073593750000001 0.4069375 0.812140625 0.405203125 0.8212343750000001 0.405203125 0.8303437499999999 0.40737500000000004 0.8364218749999999 0.411703125 0.839015625 0.42340625000000004 0.8407500000000001 0.42557812500000003 0.8424843750000001 0.42384374999999996 0.84553125 0.42167187500000003 0.846828125 0.41646875000000005 0.84553125 0.407796875 0.83728125 0.39653125 0.83121875 0.392625 0.825578125 0.38915625 0.8190781250000001 0.386125 0.81734375 0.3848125 0.81040625 0.3930625 0.796953125 0.38915625 0.783953125 0.39045312499999996 0.777875 0.3935 0.77396875 0.39696875 0.7718125 0.39609375 0.7705 0.40390625 0.771375 0.412140625 0.7718125 0.41778125 0.7774375 0.41646875000000005
51 0.89825 0.3543125 0.9040156250000001 0.352953125 0.905359375 0.34821875 0.9070625 0.34314062500000003 0.906375 0.33195312499999996 0.9057031249999999 0.32687499999999997 0.900625 0.32315625 0.893171875 0.32315625 0.8914687499999999 0.33296875 0.8894375 0.340765625 0.887078125 0.345171875 0.872171875 0.34821875 0.870140625 0.368203125 0.890453125 0.3695625 0.894859375 0.3566875 0.8918125 0.3671875 0.894515625 0.361421875 0.89825 0.3543125
77 0.07753125 0.31456249999999997 0.10018750000000001 0.31456249999999997 0.105328125 0.307359375 0.10996874999999999 0.299125 0.1043125 0.2841875 0.10121875 0.2666875 0.08475 0.26823437499999997 0.0698125 0.26103125 0.068265625 0.280078125 0.068265625 0.292421875 0.07753125 0.31456249999999997
77 0.65284375 0.30221875 0.6663125 0.30278125 0.671921875 0.287625 0.6758437500000001 0.272484375 0.65396875 0.2685625 0.65284375 0.273046875 0.649484375 0.2893125 0.65284375 0.30221875
12 0.42965625 0.69059375 0.40721875 0.6759375000000001 0.371375 0.68621875 0.37106249999999996 0.692765625 0.37075 0.6937031250000001 0.394125 0.708984375 0.43059375 0.697453125 0.43121875000000004 0.692453125 0.42965625 0.69059375
24 0.42778124999999995 0.619140625 0.46110937500000004 0.606171875 0.47221875 0.49135937500000004 0.44259375 0.459875 0.44259375 0.44876562499999995 0.43332812499999995 0.3895 0.338890625 0.40803124999999996 0.32778125 0.398765625 0.220375 0.38209375 0.218515625 0.411734375 0.2148125 0.419140625 0.12221875 0.419140625 0.1 0.38209375 0.0351875 0.428390625 0 0.45803125 0.014812500000000001 0.759875 0.09259375 0.75246875 0.174078125 0.743203125 0.274078125 0.6876562500000001 0.42778124999999995 0.619140625